index;time;month;year;day;Borgou;Collines;BEN;Mono;Kouffo;Atlantique;Donga;Plateau;Atakora;Alibori;Littoral;Oueme;Zou
0;-17883.0;1.0;1901.0;15.0;0.5135579;0.08313017;0.75517976;2.9755096;2.2980926;8.657346;0.17580295;3.0080976;0.044234112;0.0;16.6;10.63812;1.5411882
1;-17852.0;2.0;1901.0;15.0;4.6586666;25.738997;10.972387;33.18936;42.53268;31.731287;3.182878;51.61414;0.4826138;0.58672756;30.0;30.341558;49.270443
2;-17824.0;3.0;1901.0;15.0;22.73396;52.189793;31.515543;110.63723;108.15306;125.002625;24.62593;85.992134;5.9982057;5.541375;149.3;125.772255;93.02975
3;-17793.0;4.0;1901.0;15.0;50.66896;79.71128;59.99088;70.68277;81.95852;55.255898;55.241886;91.233536;74.85114;36.240463;56.3;55.91526;95.37474
4;-17763.0;5.0;1901.0;15.0;114.72828;136.63634;117.121414;143.06519;165.25885;175.81274;121.21181;162.58537;100.65281;87.6959;171.9;185.0174;171.42543
5;-17732.0;6.0;1901.0;15.0;229.18129;246.90228;213.0995;124.19287;146.2115;192.37529;234.38618;284.91617;213.01561;176.62143;192.7;242.26848;200.84412
6;-17702.0;7.0;1901.0;15.0;156.54085;152.89928;147.37872;123.23747;137.83336;204.22884;131.34045;216.0682;121.882866;141.97603;246.2;260.46472;155.26436
7;-17671.0;8.0;1901.0;15.0;259.72418;197.49583;256.67303;113.1834;166.97316;206.04059;288.0942;191.3988;312.25748;273.28674;230.6;239.51283;191.5507
8;-17640.0;9.0;1901.0;15.0;302.6124;237.26451;262.19177;298.49994;272.14728;348.1351;355.2408;264.6105;238.07623;203.24704;415.3;366.8443;231.75182
9;-17610.0;10.0;1901.0;15.0;112.03129;174.87787;120.875;186.3535;205.88634;234.88785;136.0587;226.70988;94.63901;51.82536;247.0;259.7232;212.21632
10;-17579.0;11.0;1901.0;15.0;2.5593798;12.531477;9.725673;41.578808;40.76927;32.373898;3.7024086;32.183056;9.154597;1.9500464;38.7;34.157536;34.26703
11;-17549.0;12.0;1901.0;15.0;0.54794395;0.078829035;0.5695561;3.740953;1.6582735;3.6742134;0.36489597;0.77611655;0.38261396;0.28487337;8.3;3.080696;0.4779354
12;-17518.0;1.0;1902.0;15.0;0.6691162;2.949782;1.7874109;9.904658;8.84235;11.475194;0.24401611;5.7097297;0.06348164;0.0;20.4;8.817737;7.515976
13;-17487.0;2.0;1902.0;15.0;5.617212;19.992788;10.2714;53.91252;45.87734;45.107735;3.90243;45.87822;0.5941591;0.63981944;57.8;45.22212;25.798376
14;-17459.0;3.0;1902.0;15.0;43.856247;69.27058;44.398056;68.90879;63.255684;98.76474;65.43764;77.176315;32.02263;12.749549;121.6;104.17958;60.544395
15;-17428.0;4.0;1902.0;15.0;85.16691;113.49682;75.10255;157.93901;155.74924;172.35837;99.98245;132.06583;26.298414;24.196062;190.1;168.55496;140.37334
16;-17398.0;5.0;1902.0;15.0;172.19649;204.74335;163.62996;160.12894;164.5369;106.02058;204.0542;157.71198;163.89803;124.52719;113.2;91.093346;179.0243
17;-17367.0;6.0;1902.0;15.0;142.0705;150.86368;137.92738;172.57611;162.6008;159.65453;135.49782;175.98709;122.548836;121.73211;175.4;162.68286;165.53828
18;-17337.0;7.0;1902.0;15.0;191.32263;183.26678;158.60384;52.939552;74.78254;71.739105;177.91728;153.49254;141.70613;155.02853;80.9;95.94137;115.76036
19;-17306.0;8.0;1902.0;15.0;215.12894;120.372696;199.89372;11.571098;30.609917;12.540515;250.77428;39.08172;278.5876;252.24629;7.8;14.313539;50.107853
20;-17275.0;9.0;1902.0;15.0;154.36923;124.42543;135.25214;38.73447;68.59149;35.62665;146.6283;87.025055;154.28961;144.54912;25.2;45.86225;95.555916
21;-17245.0;10.0;1902.0;15.0;82.95568;113.16927;77.81895;65.95017;90.24306;61.73438;100.04001;99.131325;72.10168;42.8091;52.6;64.14011;107.8197
22;-17214.0;11.0;1902.0;15.0;3.791706;6.7226467;4.3734;10.623454;11.860477;6.730881;6.647312;6.210001;3.188673;1.0580715;6.6;4.6692514;9.627702
23;-17184.0;12.0;1902.0;15.0;1.3967861;7.3920813;7.427839;24.790024;26.285269;44.07685;3.4913514;22.10304;6.468145;1.8596028;72.0;46.68313;22.568579
24;-17153.0;1.0;1903.0;15.0;5.58856;15.459814;5.431859;13.655205;9.794818;9.404524;2.831945;21.853636;0.12868762;0.0;20.8;7.5898924;13.825836
25;-17122.0;2.0;1903.0;15.0;1.211359;5.450124;12.959868;98.56171;77.07703;134.4576;0.77209735;50.77225;0.5941591;0.5795699;180.7;123.55962;48.648674
26;-17094.0;3.0;1903.0;15.0;11.017083;19.259762;14.008734;36.16575;47.527813;47.565914;8.396845;32.595646;5.529611;4.723782;48.2;50.038506;44.098473
27;-17063.0;4.0;1903.0;15.0;94.7186;128.2103;91.54987;114.029945;121.55201;117.82115;126.26526;129.24564;80.16604;42.685318;126.0;124.04742;128.25629
28;-17033.0;5.0;1903.0;15.0;149.9933;152.89696;134.82593;101.13213;114.852585;107.896996;174.62238;123.05768;133.09335;106.53298;107.2;107.58871;126.97669
29;-17002.0;6.0;1903.0;15.0;107.084656;106.55124;112.178925;160.02094;157.14665;191.54335;94.506805;161.49869;97.06064;104.72321;203.4;205.31822;150.48976
30;-16972.0;7.0;1903.0;15.0;121.958916;107.70655;118.9086;57.05575;74.5369;41.33758;112.44942;80.48992;132.4968;144.67732;46.7;43.951965;91.894615
31;-16941.0;8.0;1903.0;15.0;227.89272;142.99767;218.91798;19.127;47.01907;23.449638;266.9515;58.626286;309.4106;268.71753;17.0;26.651873;73.57542
32;-16910.0;9.0;1903.0;15.0;183.49191;141.62228;165.9036;71.193115;92.477165;70.87061;194.29115;102.87037;199.86261;169.97069;70.8;82.38578;109.20415
33;-16880.0;10.0;1903.0;15.0;55.60963;86.92041;65.66867;143.12535;131.02054;132.51164;56.61193;125.82619;56.18472;35.003803;159.0;132.08531;121.86056
34;-16849.0;11.0;1903.0;15.0;5.7486;15.969176;10.586392;43.91989;38.01764;49.564796;8.041515;38.798145;2.520759;0.89802617;67.6;54.82481;31.46113
35;-16819.0;12.0;1903.0;15.0;1.1032424;6.589008;4.1757684;16.271402;21.42428;23.668282;1.309732;12.742315;0.4611679;0.31768218;33.1;26.430765;18.842842
36;-16788.0;1.0;1904.0;15.0;1.2841921;6.1365805;3.472308;10.5666895;11.433577;22.98282;0.8614815;17.653282;0.05785403;0.0;38.8;30.157259;10.538663
37;-16757.0;2.0;1904.0;15.0;1.4091196;5.514371;5.477312;25.425207;31.054611;37.56261;1.1432374;19.263706;0.60057276;0.59416634;39.3;35.463074;25.520475
38;-16728.0;3.0;1904.0;15.0;43.472755;101.72227;47.479874;73.558495;94.288284;93.38268;52.6225;116.80432;16.707275;8.961361;97.6;109.24274;111.30102
39;-16697.0;4.0;1904.0;15.0;50.34136;69.231834;65.081635;105.71907;117.93235;131.9305;66.534836;108.87056;72.81908;36.919106;136.2;134.60205;114.4989
40;-16667.0;5.0;1904.0;15.0;176.80283;198.73293;153.43454;169.2802;172.12065;199.17157;194.68495;199.80267;112.20307;99.19555;213.0;212.41238;181.63065
41;-16636.0;6.0;1904.0;15.0;97.97739;109.34886;120.59127;225.7283;209.96391;274.73663;83.67923;209.28668;108.090034;108.25488;299.2;286.968;190.12746
42;-16606.0;7.0;1904.0;15.0;163.68307;134.31264;150.28333;72.02523;86.58621;105.80892;163.40784;130.80452;158.4612;162.00183;125.4;131.16214;104.35063
43;-16575.0;8.0;1904.0;15.0;200.86203;102.89915;154.3045;9.760902;26.820305;9.170839;218.06439;22.382317;160.69211;188.32056;4.1;7.887714;39.54684
44;-16544.0;9.0;1904.0;15.0;122.43809;91.56865;124.65518;55.436207;69.31434;47.85197;114.33405;77.9682;171.07352;148.31972;50.2;54.254005;82.32252
45;-16514.0;10.0;1904.0;15.0;71.11291;99.394615;74.77768;75.74181;95.39473;129.06772;77.68422;142.21092;69.157036;40.304043;130.9;153.37245;113.21337
46;-16483.0;11.0;1904.0;15.0;1.3171287;5.375019;5.095167;13.985267;24.61484;10.771844;3.6953678;10.112203;6.1910973;1.5258354;1.4;8.110684;20.866713
47;-16453.0;12.0;1904.0;15.0;0.95703894;4.1873336;3.06125;36.822792;20.396538;17.022545;1.1676645;4.238532;0.4611679;0.31768218;39.1;6.9222803;10.041207
48;-16422.0;1.0;1905.0;15.0;5.3152456;11.09818;3.6777878;0.0;0.7471557;0.17686719;6.147064;6.492471;0.48114213;0.0;0.6;1.6427293;4.9138026
49;-16391.0;2.0;1905.0;15.0;1.5533357;3.9402785;3.94827;62.84021;24.571676;23.711555;1.1548486;6.792361;1.4353993;0.5170792;64.5;6.5642967;6.898143
50;-16363.0;3.0;1905.0;15.0;72.78233;75.270485;51.054043;57.457798;41.989967;48.5097;56.284756;83.356514;31.404541;25.842648;73.5;54.629898;54.640022
51;-16332.0;4.0;1905.0;15.0;89.71872;89.57923;78.73901;108.60649;94.62976;107.30818;91.41072;107.39193;68.730736;50.358078;130.0;111.24744;91.81962
52;-16302.0;5.0;1905.0;15.0;82.93344;142.91006;92.61718;116.99893;148.74554;137.01733;119.85743;144.89804;75.9289;42.63992;123.6;139.53331;162.8278
53;-16271.0;6.0;1905.0;15.0;196.53166;191.45293;184.22197;190.88103;200.85281;214.95609;167.39117;244.10712;162.45938;169.98532;218.7;238.29987;218.36276
54;-16241.0;7.0;1905.0;15.0;159.21031;179.2953;158.62816;123.85418;171.4702;176.07341;169.25182;195.9004;149.20978;134.76904;189.8;203.26845;195.59828
55;-16210.0;8.0;1905.0;15.0;148.76578;130.6094;171.3361;19.034023;50.98105;14.547913;249.12465;37.255104;280.59155;180.26729;3.6;11.105808;71.958176
56;-16179.0;9.0;1905.0;15.0;195.95982;131.80325;161.50606;8.394751;21.664537;9.136913;191.40656;74.458405;198.4847;181.31702;6.5;20.749699;52.95286
57;-16149.0;10.0;1905.0;15.0;92.04799;109.65681;96.78778;118.06971;135.66605;184.90628;122.28339;138.78885;93.53849;54.238342;191.3;198.77817;131.25336
58;-16118.0;11.0;1905.0;15.0;1.346374;3.3932388;5.623452;57.239532;30.027107;51.564915;1.2721936;20.32144;0.32360438;0.5672354;89.0;48.55784;13.779011
59;-16088.0;12.0;1905.0;15.0;8.915353;20.638489;11.584222;16.896063;24.166464;21.987125;19.150173;13.358645;9.315586;2.5017145;27.5;20.738163;22.313303
60;-16057.0;1.0;1906.0;15.0;0.15836726;1.6265761;1.4437902;10.344849;6.598844;14.266779;0.037594415;5.6342106;0.024986591;0.0;29.4;13.360489;4.7165804
61;-16026.0;2.0;1906.0;15.0;0.27101308;9.221875;6.379157;35.24308;32.370716;44.849693;0.33348405;30.691076;0.25606167;0.35823864;57.0;44.5065;27.902573
62;-15998.0;3.0;1906.0;15.0;2.0096188;30.159164;10.450274;26.896132;31.469713;40.070038;8.307227;42.57976;0.079019755;0.078396864;45.7;44.73047;36.21893
63;-15967.0;4.0;1906.0;15.0;76.235466;85.01452;75.37873;131.67722;137.60226;164.15514;97.11085;138.49905;72.182396;19.501553;176.0;168.67012;133.24406
64;-15937.0;5.0;1906.0;15.0;160.83195;206.73718;160.8476;299.652;266.37747;335.84308;181.86249;257.53812;106.593124;95.23849;383.7;337.62115;238.97957
65;-15906.0;6.0;1906.0;15.0;164.94164;117.777725;159.15822;136.10493;151.19739;209.0627;173.48737;166.42853;195.41737;134.65308;208.7;232.96494;150.1916
66;-15876.0;7.0;1906.0;15.0;126.662704;206.4707;155.96928;71.796814;102.00464;117.13976;177.22246;172.89102;137.15195;179.95993;128.8;152.9147;138.15807
67;-15845.0;8.0;1906.0;15.0;178.56413;63.21617;167.34706;21.130857;29.340084;13.323919;173.25154;36.310566;280.27542;209.28743;18.0;13.837783;41.23632
68;-15814.0;9.0;1906.0;15.0;213.37794;176.73503;175.29721;23.576572;43.397755;24.363224;230.82309;103.27683;199.77945;168.21294;20.0;36.913467;81.58028
69;-15784.0;10.0;1906.0;15.0;132.26071;102.87917;107.431595;120.47297;126.7372;177.31886;140.10587;124.09795;101.03136;58.32267;191.7;189.34282;115.59154
70;-15753.0;11.0;1906.0;15.0;4.544761;17.39101;14.051099;59.90349;57.972263;84.58664;10.136184;50.380817;5.702149;0.49397543;108.2;86.54114;44.680634
71;-15723.0;12.0;1906.0;15.0;7.3123507;9.410212;8.953905;34.771996;30.83107;56.186913;5.893936;27.315802;1.2372417;0.41392487;98.4;62.208256;24.64648
72;-15692.0;1.0;1907.0;15.0;0.15836726;1.3546014;2.1281464;11.307365;8.641187;25.123884;0.037594415;9.941659;0.024986591;0.0;47.8;27.942102;6.3747106
73;-15661.0;2.0;1907.0;15.0;15.969409;18.82941;14.342331;32.96083;40.3936;29.095882;18.461985;20.514755;8.149735;3.1397808;26.4;20.936293;34.713764
74;-15633.0;3.0;1907.0;15.0;34.418026;53.439625;27.56998;36.757107;38.610367;23.62168;37.65496;46.739292;13.898666;6.4414215;29.6;26.360394;46.37386
75;-15602.0;4.0;1907.0;15.0;48.140755;120.927086;70.48687;226.36674;215.36287;278.66708;57.286434;221.90993;12.202013;14.8326025;312.2;285.4396;198.31932
76;-15572.0;5.0;1907.0;15.0;77.235275;97.602036;75.99916;133.02647;109.17005;151.62326;95.02608;120.14024;58.11533;39.791286;182.3;163.83159;97.77601
77;-15541.0;6.0;1907.0;15.0;148.3473;169.6694;172.39139;347.40356;307.69592;396.94806;146.62683;279.74374;137.75294;143.49568;441.8;393.0956;264.01562
78;-15511.0;7.0;1907.0;15.0;189.1052;113.15421;173.29652;186.94397;182.02008;297.9296;156.85788;217.42113;148.81596;187.90884;372.9;346.14322;160.59392
79;-15480.0;8.0;1907.0;15.0;148.93939;91.77876;161.35567;13.859083;39.592598;11.211114;168.7077;28.807804;235.86441;231.72188;2.2;9.987592;56.074593
80;-15449.0;9.0;1907.0;15.0;294.33545;155.0259;224.30786;143.83183;162.8124;196.14078;260.18863;171.14165;244.48515;195.34845;209.6;209.44603;160.9941
81;-15419.0;10.0;1907.0;15.0;80.10772;108.880226;76.35899;107.71007;117.09562;154.74074;113.27749;120.81262;58.865948;21.529793;165.0;168.71718;112.823105
82;-15388.0;11.0;1907.0;15.0;2.9110205;9.728332;6.8201156;44.66199;30.37353;39.88159;4.9764595;21.73824;0.7525686;0.46755993;62.0;36.23097;19.351702
83;-15358.0;12.0;1907.0;15.0;1.7548198;10.246735;4.776855;15.453505;29.517632;11.077947;1.3080287;11.391809;0.5107383;0.29423916;0.8;10.106398;28.071539
84;-15327.0;1.0;1908.0;15.0;0.17585555;4.0478125;3.878941;24.88963;13.152497;44.476974;0.20118572;18.495125;0.024986591;0.0;94.2;41.59373;10.507939
85;-15296.0;2.0;1908.0;15.0;0.25068894;3.461604;1.3270091;3.10577;2.8474028;3.7711506;0.20281105;7.9351416;0.25606167;0.35823864;5.8;4.879357;4.7294035
86;-15267.0;3.0;1908.0;15.0;43.707222;83.32571;48.916485;91.35482;92.0781;103.12457;32.909084;110.69553;23.520248;28.721724;123.8;113.3993;98.135864
87;-15236.0;4.0;1908.0;15.0;60.794235;114.57975;80.43694;226.90198;212.54741;267.8005;97.42743;184.51508;48.812077;14.184577;301.3;265.8322;181.37482
88;-15206.0;5.0;1908.0;15.0;89.04207;119.8971;88.83026;142.6011;146.55087;165.47319;103.14902;142.42746;64.227806;46.48058;175.0;166.3552;143.81615
89;-15175.0;6.0;1908.0;15.0;112.872894;114.155624;114.774994;148.30273;116.15351;167.7617;111.27537;154.29346;103.907555;110.91037;204.3;184.07884;111.04644
90;-15145.0;7.0;1908.0;15.0;236.94598;136.86784;206.50974;42.444527;60.879974;64.424576;283.99756;95.22042;311.13342;184.39882;70.9;80.42875;81.16276
91;-15114.0;8.0;1908.0;15.0;167.18208;54.43173;155.39372;11.2375555;25.492733;13.470085;144.37642;25.516596;229.65755;227.88518;11.3;16.864197;36.124752
92;-15083.0;9.0;1908.0;15.0;258.18933;292.27106;237.99449;220.0402;251.69724;230.90083;275.71222;265.26746;193.76405;198.90442;247.8;247.0468;269.00626
93;-15053.0;10.0;1908.0;15.0;129.55614;177.23192;118.504585;195.9275;200.15617;228.61273;153.66211;179.28185;65.40307;51.992565;250.0;230.11111;184.64351
94;-15022.0;11.0;1908.0;15.0;8.193044;26.11669;16.92408;91.24319;63.95607;77.21404;16.030764;56.05289;4.974284;1.0624572;118.9;70.55955;46.38906
95;-14992.0;12.0;1908.0;15.0;0.5276037;12.361813;4.515778;13.387212;19.211761;14.007589;2.0281966;16.921888;0.30473265;0.26410496;16.5;15.500248;20.93201
96;-14961.0;1.0;1909.0;15.0;7.82047;22.959211;11.005734;35.662113;21.721766;63.05542;9.51452;33.383812;0.65653783;0.0;147.8;62.380333;23.230629
97;-14930.0;2.0;1909.0;15.0;9.525202;42.84442;23.32093;90.34218;82.8164;121.01427;14.101396;93.379;2.3168738;1.7487757;167.5;121.344284;76.06934
98;-14902.0;3.0;1909.0;15.0;60.42452;115.19647;55.911972;140.13625;103.65463;128.386;74.63668;98.16862;16.018446;11.224305;189.2;110.13929;86.36489
99;-14871.0;4.0;1909.0;15.0;153.7845;123.19726;133.81313;103.116104;113.43983;111.40802;104.2068;139.21783;125.71151;145.83383;117.7;118.38678;129.27473
100;-14841.0;5.0;1909.0;15.0;122.252174;109.56084;107.06492;91.821434;115.94427;114.47491;109.30167;137.21677;95.32641;88.64219;99.2;130.4658;131.69421
101;-14810.0;6.0;1909.0;15.0;155.74341;160.41208;171.64233;207.48889;216.1044;258.5453;115.88314;271.4425;133.73766;201.15459;241.4;293.32083;223.48811
102;-14780.0;7.0;1909.0;15.0;209.19173;193.57321;179.06754;51.683685;77.53439;60.730576;202.89474;134.96135;160.49274;200.77318;58.4;72.92242;114.81442
103;-14749.0;8.0;1909.0;15.0;257.9389;187.14194;253.54684;41.489723;65.206505;41.25478;284.3715;85.34919;330.2626;329.67105;41.7;41.013363;94.07882
104;-14718.0;9.0;1909.0;15.0;264.37747;154.68564;212.76463;71.03424;103.32864;84.90076;231.61597;119.9979;233.07492;237.63824;73.8;100.1397;123.619026
105;-14688.0;10.0;1909.0;15.0;76.352875;110.791115;74.099396;96.88502;104.82812;114.485725;112.77031;111.26141;60.302986;24.820179;119.7;126.76924;104.91818
106;-14657.0;11.0;1909.0;15.0;1.267642;6.634893;6.2668138;41.16489;34.036457;46.57489;2.129227;25.316977;0.32399082;0.19515336;67.4;47.618534;23.033651
107;-14627.0;12.0;1909.0;15.0;8.668349;39.973328;15.335029;34.97117;39.76464;45.623898;14.654773;47.04256;1.1836778;0.39783937;80.7;48.745415;51.34972
108;-14596.0;1.0;1910.0;15.0;0.17148349;2.1362863;0.57873446;0.012281229;0.39118072;0.7690833;0.1374349;4.186936;0.024986591;0.0;0.3;3.0362592;1.7418963
109;-14565.0;2.0;1910.0;15.0;0.48044348;4.7514596;3.564301;20.65445;14.622317;29.453876;1.0343392;16.073927;0.25608134;0.35823864;44.6;28.241966;10.405909
110;-14537.0;3.0;1910.0;15.0;12.036484;39.062057;17.672112;48.400623;52.12861;55.373775;14.0241375;54.591274;2.3972762;2.3452444;64.4;56.41988;53.067368
111;-14506.0;4.0;1910.0;15.0;51.29406;112.56945;58.51592;109.96321;132.68251;99.27539;48.43936;163.62561;25.907364;16.25214;81.0;106.6285;161.51317
112;-14476.0;5.0;1910.0;15.0;95.96252;142.22878;97.017586;137.31155;146.6534;144.06165;100.3154;157.29968;59.70765;67.695694;146.0;147.5546;156.02245
113;-14445.0;6.0;1910.0;15.0;142.50458;139.34988;143.11002;261.76718;208.68814;254.77448;141.66153;230.7339;145.65799;91.17756;297.0;267.67944;192.6134
114;-14415.0;7.0;1910.0;15.0;198.72133;216.83273;207.34029;233.68828;223.10812;292.45963;244.25972;257.35953;205.75566;170.84273;400.2;322.99872;210.71793
115;-14384.0;8.0;1910.0;15.0;303.4679;213.62085;291.07327;142.48598;178.92207;178.16046;350.3214;167.81168;394.0677;287.36337;229.7;192.07187;190.72316
116;-14353.0;9.0;1910.0;15.0;260.0079;181.78773;199.11974;76.87864;96.34909;50.664795;263.24753;93.43595;213.14941;182.5063;39.2;50.106503;113.87749
117;-14323.0;10.0;1910.0;15.0;59.86614;138.37283;88.735954;221.6823;247.86032;219.8487;51.341934;219.88057;51.11591;44.199863;222.8;215.1414;245.5175
118;-14292.0;11.0;1910.0;15.0;0.0;0.023656238;2.5465627;27.73659;15.276703;32.333035;0.0;10.542789;0.0;0.0;56.0;32.43253;6.2033715
119;-14262.0;12.0;1910.0;15.0;3.3696227;27.050526;8.613783;18.51923;25.805157;20.557812;15.085958;12.87536;0.30776522;0.26410496;27.5;18.531193;23.059061
120;-14231.0;1.0;1911.0;15.0;1.2139757;7.6965213;5.5733433;20.149261;25.619596;36.996204;0.4944754;27.499474;0.06348164;0.0;57.6;48.157654;25.210115
121;-14200.0;2.0;1911.0;15.0;0.26226893;8.076572;3.2699895;8.689922;15.687683;8.022873;0.2778965;16.802052;0.25606167;0.35823864;0.9;7.7491155;18.575762
122;-14172.0;3.0;1911.0;15.0;52.905094;135.54715;76.98279;196.10701;228.16011;242.2074;50.479702;218.8765;22.498434;26.4872;270.3;267.52066;224.21378
123;-14141.0;4.0;1911.0;15.0;148.26813;109.36201;133.92827;177.42482;165.47781;182.275;120.804375;167.6692;139.81938;110.839836;210.1;189.25256;158.15231
124;-14111.0;5.0;1911.0;15.0;167.34053;166.40364;158.96884;239.64534;254.12714;307.78183;163.50723;273.06738;113.338066;108.18205;306.3;353.2914;248.4763
125;-14080.0;6.0;1911.0;15.0;136.16844;138.76743;162.49709;411.90466;337.24506;526.4562;131.42873;283.904;108.06654;132.80386;671.8;528.3934;244.92595
126;-14050.0;7.0;1911.0;15.0;149.76283;175.58215;149.85632;43.99087;93.59626;40.763973;193.7619;92.85067;156.04514;154.99089;18.0;44.613373;124.04194
127;-14019.0;8.0;1911.0;15.0;100.42831;88.79916;115.5649;13.26628;26.054512;17.138252;140.07277;25.639536;148.68427;166.39742;17.4;18.296074;35.208527
128;-13988.0;9.0;1911.0;15.0;190.30075;105.17732;165.3253;89.00529;104.873566;138.19576;168.28468;125.4742;197.801;176.55139;162.8;157.48035;105.85315
129;-13958.0;10.0;1911.0;15.0;101.84496;80.84381;86.55622;111.675606;108.16492;153.28273;84.81693;116.51979;72.513954;65.07118;189.6;165.8619;97.37278
130;-13927.0;11.0;1911.0;15.0;7.388366;11.390476;11.404355;54.045536;47.074303;72.334404;8.2264595;30.424776;2.2133389;1.385163;104.8;69.5608;32.449657
131;-13897.0;12.0;1911.0;15.0;4.087713;12.497593;8.076428;35.60578;36.692135;43.94034;3.4296792;24.851389;0.8129859;0.35365653;72.5;43.114876;31.00578
132;-13866.0;1.0;1912.0;15.0;11.366956;23.506777;8.618117;6.537776;8.761123;10.090324;16.041317;10.912664;1.1301509;0.0;11.9;12.243536;9.6597395
133;-13835.0;2.0;1912.0;15.0;4.0943174;24.604494;5.8856483;1.511901;2.6678443;1.2064407;14.595812;4.2838764;0.25908768;0.35823864;0.6;1.5451936;3.802426
134;-13806.0;3.0;1912.0;15.0;6.2952156;25.592884;14.596506;53.92848;56.269016;81.63492;9.0572605;51.272263;1.1742803;1.1183869;106.8;84.11572;47.2778
135;-13775.0;4.0;1912.0;15.0;81.30444;112.92414;66.665184;82.95493;86.49396;56.24982;89.03601;109.22682;40.061317;24.783026;44.1;61.463024;106.58133
136;-13745.0;5.0;1912.0;15.0;71.12219;111.6238;71.51245;116.81564;96.83472;156.28818;100.40968;131.4321;45.39586;27.43291;194.9;169.84239;92.37859
137;-13714.0;6.0;1912.0;15.0;150.96756;94.245415;163.5111;310.03754;246.06555;413.55295;136.58777;230.43782;169.99997;148.47931;534.9;424.3885;178.83244
138;-13684.0;7.0;1912.0;15.0;103.49917;119.02665;115.8776;104.52465;103.85714;146.162;124.29851;143.86565;118.75216;114.33906;197.9;172.35222;106.56958
139;-13653.0;8.0;1912.0;15.0;190.23871;58.287025;172.45227;12.950782;31.344475;11.361091;198.17216;19.368685;294.00757;204.53008;6.1;11.788488;40.215153
140;-13622.0;9.0;1912.0;15.0;188.07794;117.5351;145.12567;57.52117;63.962593;54.715992;229.5015;44.58151;185.78673;107.85315;62.6;54.255768;59.847294
141;-13592.0;10.0;1912.0;15.0;68.95647;64.16901;58.535633;68.3835;68.96293;64.55516;86.9274;50.275177;63.751026;27.242723;73.0;64.56636;61.56462
142;-13561.0;11.0;1912.0;15.0;13.588232;4.1102514;10.537961;56.946415;30.652962;53.80294;10.638162;16.233685;4.428697;2.7541578;93.0;50.34317;12.765412
143;-13531.0;12.0;1912.0;15.0;10.309784;25.802532;12.355398;1.8579007;4.24433;8.117951;21.651163;24.214087;12.330745;3.313427;7.5;14.941937;14.07789
144;-13500.0;1.0;1913.0;15.0;0.349356;3.0035522;1.0227418;2.1134996;4.1781774;2.0742815;0.7082031;3.4174237;0.024993148;0.0;0.3;2.2848446;4.6025214
145;-13469.0;2.0;1913.0;15.0;3.9676452;32.542416;14.502957;63.973095;52.65745;80.13274;14.339608;45.37085;0.25983;0.35823864;119.3;75.329445;39.60269
146;-13441.0;3.0;1913.0;15.0;3.3506634;20.834517;12.591205;59.8893;55.408134;86.82017;12.338823;36.42131;0.17020166;0.14938614;121.1;86.163124;36.57311
147;-13410.0;4.0;1913.0;15.0;103.14643;80.29385;94.098274;97.236496;107.53122;104.98905;71.574196;98.94461;90.60569;98.2482;112.2;105.644615;106.80729
148;-13380.0;5.0;1913.0;15.0;133.52626;115.61314;113.31315;140.9249;113.392075;189.39221;156.09904;113.94284;97.25865;77.04509;246.8;197.36917;87.61212
149;-13349.0;6.0;1913.0;15.0;84.45348;71.24212;89.97845;251.30864;165.10483;292.13226;89.34291;166.83498;77.64119;50.435467;395.5;299.08;111.97269
150;-13319.0;7.0;1913.0;15.0;122.109474;179.13538;142.9754;284.87164;241.90729;273.78732;128.40518;220.33365;109.83231;114.97575;387.9;259.19214;206.8888
151;-13288.0;8.0;1913.0;15.0;328.18927;231.06383;272.5785;49.149906;93.46436;71.29403;315.94196;153.16402;314.02103;291.7367;68.4;91.73662;147.33163
152;-13257.0;9.0;1913.0;15.0;203.50719;214.95876;199.41974;142.36688;187.00081;216.68561;226.51456;253.8801;222.09886;148.13861;235.0;249.92255;216.12186
153;-13227.0;10.0;1913.0;15.0;33.974895;60.08942;39.977203;82.72416;87.36095;102.65938;40.390484;88.219124;24.723545;14.620386;118.4;108.43623;83.61315
154;-13196.0;11.0;1913.0;15.0;0.029068278;5.5244646;8.779589;61.07893;41.95608;98.57692;0.2902247;46.104916;0.0;0.0;161.0;103.27818;25.535908
155;-13166.0;12.0;1913.0;15.0;0.14702685;0.02537669;2.8729556;20.29823;13.387509;39.79916;0.009869864;10.497188;0.30435273;0.26410496;83.3;40.818527;6.5268044
156;-13135.0;1.0;1914.0;15.0;0.1786914;6.0501933;3.4507155;13.82057;14.5914135;23.389248;0.20350094;19.70619;0.024986591;0.0;34.6;27.75637;14.021835
157;-13104.0;2.0;1914.0;15.0;6.917773;4.2743354;8.350612;37.108307;31.05311;64.46022;4.3487706;24.208124;1.6226227;1.6930816;96.4;62.246723;18.635595
158;-13076.0;3.0;1914.0;15.0;17.510117;62.04805;33.07748;126.15723;107.289185;155.45041;22.152288;118.7201;5.3978963;3.2362945;207.3;158.86055;94.635376
159;-13045.0;4.0;1914.0;15.0;18.671062;74.66348;37.29272;113.483116;122.13161;121.99047;29.74803;119.92373;12.170855;4.63216;130.9;125.94915;122.928154
160;-13015.0;5.0;1914.0;15.0;107.89264;107.57312;91.29433;146.79497;130.31407;162.95284;100.36161;137.34175;60.045063;55.927307;192.6;171.68736;121.57772
161;-12984.0;6.0;1914.0;15.0;116.08016;142.33191;129.18951;238.15825;211.07324;293.5055;130.45593;234.90385;114.460014;78.14797;346.5;308.44003;192.26305
162;-12954.0;7.0;1914.0;15.0;83.384315;93.969894;98.58394;81.73638;95.04114;83.81496;130.66463;67.916306;129.35161;87.7935;104.4;83.384674;90.27689
163;-12923.0;8.0;1914.0;15.0;157.08525;114.89869;156.06982;51.98345;76.9414;72.911476;214.54924;68.96961;233.3754;144.06255;90.0;77.694305;85.697044
164;-12892.0;9.0;1914.0;15.0;125.00624;122.8929;132.02542;60.04509;78.70226;45.158257;170.2472;66.77922;181.27292;129.8795;37.9;43.45902;88.50065
165;-12862.0;10.0;1914.0;15.0;122.06431;118.441795;103.27308;86.29017;98.18079;78.25703;108.80988;110.87032;94.70817;84.18883;70.7;80.76797;111.244736
166;-12831.0;11.0;1914.0;15.0;10.407817;21.034605;16.32339;62.50985;52.40239;81.28893;11.127224;66.03338;4.1431394;1.9672055;112.9;90.53975;45.46056
167;-12801.0;12.0;1914.0;15.0;2.349875;10.170924;5.106823;18.609203;19.811993;14.525907;5.5839796;8.243625;2.4473345;0.80620444;19.6;11.635269;16.21876
168;-12770.0;1.0;1915.0;15.0;0.36478624;1.2933213;1.4384336;7.514747;6.263358;9.592337;0.106701486;8.622151;0.057736006;0.0;11.0;12.56743;6.505667
169;-12739.0;2.0;1915.0;15.0;0.55948305;5.491625;4.892884;27.590162;24.007896;34.980083;0.61245036;22.991072;0.5172304;0.42390344;46.3;35.673275;20.967484
170;-12711.0;3.0;1915.0;15.0;47.15931;107.962494;51.57221;87.397804;99.75069;85.129425;79.84596;88.8704;27.101625;6.7274766;92.1;82.58576;101.358345
171;-12680.0;4.0;1915.0;15.0;32.04304;68.030594;42.10452;113.51821;111.474106;130.6443;38.051773;124.345894;16.050974;9.372907;147.7;142.70076;116.39789
172;-12650.0;5.0;1915.0;15.0;183.95473;216.32321;164.59134;186.9504;197.4049;204.33812;212.56142;230.50868;131.7272;93.426094;188.4;220.99925;217.72836
173;-12619.0;6.0;1915.0;15.0;108.8786;165.1254;144.4499;324.4605;290.86795;354.29395;113.92239;329.66806;105.00794;99.69672;337.9;386.72366;288.97043
174;-12589.0;7.0;1915.0;15.0;161.52718;193.1645;159.40494;140.28963;158.04556;157.44005;194.63133;199.2893;151.49069;121.9454;175.3;184.46326;181.29929
175;-12558.0;8.0;1915.0;15.0;127.37381;110.08338;122.506424;43.17731;61.074512;52.118523;135.55333;79.40906;142.59203;138.50677;55.1;61.293175;80.8951
176;-12527.0;9.0;1915.0;15.0;165.27748;180.10881;158.58118;121.180916;146.87178;145.08568;182.8559;195.39699;160.94633;124.22667;139.5;173.6493;179.22632
177;-12497.0;10.0;1915.0;15.0;61.222286;102.95751;64.725914;109.32996;117.552376;132.62752;77.349625;147.95805;37.63744;20.040993;131.1;154.11497;133.31094
178;-12466.0;11.0;1915.0;15.0;0.6817208;12.595643;9.660357;62.34255;46.871765;74.59269;1.3983175;48.281933;0.23835595;0.11214074;111.3;80.5988;35.082825
179;-12436.0;12.0;1915.0;15.0;1.404999;2.4601407;2.0381074;9.100149;5.8687305;7.73484;2.5361269;1.8852957;1.7463768;0.6125418;15.5;5.1505294;3.2644932
180;-12405.0;1.0;1916.0;15.0;0.36478624;0.09470385;0.20220175;0.57013226;0.4703384;0.6697744;0.106701486;0.6679837;0.057736006;0.0;0.6;1.0057485;0.47378367
181;-12374.0;2.0;1916.0;15.0;5.0296807;4.7014265;5.8708887;20.357435;19.106882;28.170982;4.6874576;18.341906;1.5802387;1.2233967;35.7;30.440647;18.415316
182;-12345.0;3.0;1916.0;15.0;51.898502;66.81493;42.95456;82.34889;80.78713;90.61278;59.281097;75.234695;17.794146;9.682718;114.7;92.5872;77.074905
183;-12314.0;4.0;1916.0;15.0;84.79156;158.58519;81.66764;93.74819;106.90025;105.111916;113.993805;150.89084;51.004906;23.88509;109.6;113.97002;123.810104
184;-12284.0;5.0;1916.0;15.0;106.78709;159.42445;111.6637;136.52277;136.70317;141.18562;129.71283;161.40022;98.28386;72.70284;138.1;145.71445;142.83743
185;-12253.0;6.0;1916.0;15.0;84.663414;145.98781;115.06904;361.25058;290.07117;353.40823;102.30866;268.75888;73.4715;51.573875;386.2;346.83282;243.0809
186;-12223.0;7.0;1916.0;15.0;231.75653;252.02612;200.28967;110.62278;115.14747;109.82216;262.69766;163.9892;192.26517;170.34998;133.3;113.93918;120.76948
187;-12192.0;8.0;1916.0;15.0;210.21622;153.0062;210.99786;43.90877;61.6435;40.583393;256.57776;62.64959;305.47403;247.9589;45.0;37.238895;72.11669
188;-12161.0;9.0;1916.0;15.0;216.98154;112.32221;185.83002;67.33445;73.913605;71.90962;178.79784;90.39194;220.01505;239.40366;76.1;78.88025;79.911385
189;-12131.0;10.0;1916.0;15.0;84.29019;136.67828;81.572395;172.98654;148.62137;170.14505;100.25083;151.6405;46.190136;25.747068;206.6;163.74474;125.97135
190;-12100.0;11.0;1916.0;15.0;25.684988;30.471416;30.646044;72.574936;69.20447;84.06386;34.88394;65.91994;27.218735;11.03485;105.0;93.039536;59.403072
191;-12070.0;12.0;1916.0;15.0;0.36524487;0.07693453;0.4668445;2.0392377;1.1332477;1.7070336;0.2739247;0.5113945;0.6215211;0.35244536;3.0;1.4454969;0.57789207
192;-12039.0;1.0;1917.0;15.0;4.1785965;15.62926;6.7799373;26.80776;19.702536;32.246613;6.452821;17.878801;0.48524863;0.0;63.1;26.902847;16.174732
193;-12008.0;2.0;1917.0;15.0;26.504496;53.207825;25.530012;40.259644;47.95961;44.828873;35.826653;57.471157;8.193867;3.6195288;45.8;48.171494;51.96071
194;-11980.0;3.0;1917.0;15.0;29.076508;29.189878;18.676489;14.827563;14.339518;7.2418633;36.401054;10.986646;11.728583;5.139613;9.9;10.217712;14.226539
195;-11949.0;4.0;1917.0;15.0;51.965;67.889;50.324192;112.1963;111.00537;125.46531;59.664883;101.28146;26.603262;15.281518;140.7;128.6434;103.16708
196;-11919.0;5.0;1917.0;15.0;106.56639;193.10933;123.621704;230.88345;213.87163;234.85568;149.19258;223.73254;93.86404;53.20615;265.1;236.30339;209.51154
197;-11888.0;6.0;1917.0;15.0;132.02707;157.12912;120.65556;127.38512;118.69149;135.34952;140.06277;172.35834;101.3782;84.35345;149.7;157.02519;133.65031
198;-11858.0;7.0;1917.0;15.0;226.57835;205.7279;206.31766;273.41037;261.22543;284.39813;228.08972;250.76231;167.6895;172.38814;375.8;302.19672;241.35565
199;-11827.0;8.0;1917.0;15.0;442.98505;339.99567;360.53247;127.43464;165.83238;147.9572;459.29785;218.46922;374.0606;351.2461;181.0;181.16046;213.6544
200;-11796.0;9.0;1917.0;15.0;227.52953;265.56387;232.46407;217.33496;237.6308;231.31964;284.53275;257.14185;260.2657;169.96931;255.7;243.95314;248.79677
201;-11766.0;10.0;1917.0;15.0;57.299023;96.28018;61.014816;114.47052;111.456055;123.56997;78.166046;114.87981;42.795486;18.582167;141.8;126.82692;107.915215
202;-11735.0;11.0;1917.0;15.0;11.70848;21.50339;18.353416;82.90835;64.38783;97.26864;15.418398;62.052284;5.1588273;2.1169572;139.7;98.84927;47.554142
203;-11705.0;12.0;1917.0;15.0;11.475161;14.558812;8.25632;13.240793;8.908534;16.114296;14.25107;14.382663;2.416694;0.80496156;31.0;21.202435;9.766086
204;-11674.0;1.0;1918.0;15.0;0.36478624;0.0;0.110557124;0.0;0.0;0.14738932;0.106701486;0.00021003262;0.057736006;0.0;0.5;0.30161804;0.0
205;-11643.0;2.0;1918.0;15.0;0.8526102;3.3946018;4.229807;26.640358;23.030916;32.456207;1.0495644;15.051781;0.6905515;0.45024252;42.9;34.40362;16.250147
206;-11615.0;3.0;1918.0;15.0;33.813847;99.64816;54.541065;220.13846;189.7689;216.47754;43.688965;158.41585;12.206656;6.0679507;279.0;208.26186;157.80174
207;-11584.0;4.0;1918.0;15.0;49.58054;115.64106;62.14322;132.72246;135.6268;148.05809;70.15844;157.06923;31.499638;13.299941;162.7;154.12743;142.92203
208;-11554.0;5.0;1918.0;15.0;144.04349;154.83627;136.37988;152.11122;153.76251;163.31392;163.02301;155.91084;128.13176;101.17692;175.0;164.90175;154.9959
209;-11523.0;6.0;1918.0;15.0;190.32216;184.29218;213.2556;269.47406;250.13551;311.98035;173.56096;271.88892;214.77509;230.23209;342.7;323.47888;239.44402
210;-11493.0;7.0;1918.0;15.0;202.5713;164.1421;175.72049;30.25184;46.464394;28.949266;243.73773;83.65856;215.60344;172.6403;28.2;36.109383;72.61364
211;-11462.0;8.0;1918.0;15.0;108.384674;56.08541;114.70296;13.333046;23.717728;14.192058;124.04767;20.631592;175.94258;159.80641;14.6;15.241646;30.605068
212;-11431.0;9.0;1918.0;15.0;161.97926;98.23169;139.2497;69.59386;78.14669;82.18292;136.86897;94.70416;153.26537;163.86417;91.0;91.18552;85.335785
213;-11401.0;10.0;1918.0;15.0;70.7546;106.52411;71.35423;144.54817;136.86101;152.57663;93.917366;129.22768;47.404152;20.661623;177.6;150.72365;126.0607
214;-11370.0;11.0;1918.0;15.0;15.907702;22.08954;20.790804;90.573524;74.3365;90.18158;26.35199;41.738083;10.612522;2.2877674;124.5;79.8722;48.040226
215;-11340.0;12.0;1918.0;15.0;10.293814;22.56505;12.849595;20.433153;26.8439;21.25391;21.158754;13.690876;10.869595;2.8361027;26.9;18.66196;24.506119
216;-11309.0;1.0;1919.0;15.0;0.53793824;4.669745;5.094675;30.252954;22.08044;54.757435;0.5190702;22.65563;0.057736006;0.0;105.6;56.36115;14.7201
217;-11278.0;2.0;1919.0;15.0;9.854988;30.93106;18.909891;80.00086;68.12704;96.62279;10.7484;72.307686;2.6081808;2.0412593;127.9;93.58163;58.513103
218;-11250.0;3.0;1919.0;15.0;53.009003;77.506996;47.386166;81.667534;79.24903;94.32632;78.437775;72.90937;26.368505;8.597087;112.9;100.87557;69.58298
219;-11219.0;4.0;1919.0;15.0;27.490902;89.762535;48.237732;158.81128;154.68123;163.65608;42.86534;133.86514;19.001228;7.4270225;182.2;158.79369;139.71936
220;-11189.0;5.0;1919.0;15.0;157.14705;142.89948;156.32932;224.3899;196.82857;250.05765;153.1556;205.42345;145.70735;138.14351;289.4;253.10905;178.6818
221;-11158.0;6.0;1919.0;15.0;103.58183;114.92162;117.3302;184.34143;174.99982;217.93431;111.38686;180.04669;111.06843;96.88996;234.1;224.19066;159.74371
222;-11128.0;7.0;1919.0;15.0;154.92216;64.89593;155.18127;22.041536;30.00013;27.179827;124.435295;39.140694;207.73132;253.5818;30.9;31.483564;37.08337
223;-11097.0;8.0;1919.0;15.0;110.315506;56.69752;96.79478;21.445591;26.91939;28.546124;93.493385;23.598236;101.3325;147.92154;34.7;30.286697;26.424353
224;-11066.0;9.0;1919.0;15.0;206.28412;161.63298;186.61374;65.72242;92.30512;73.60344;213.55705;118.80697;222.55186;197.82611;69.3;82.200134;117.20761
225;-11036.0;10.0;1919.0;15.0;56.252045;98.36442;62.21182;128.88799;123.48868;139.69635;74.03045;117.337494;38.940292;22.385412;160.1;146.24103;112.406685
226;-11005.0;11.0;1919.0;15.0;1.3808473;11.257753;8.5059185;50.842953;43.617626;55.65499;4.4957256;33.882614;1.0020951;0.116711624;75.1;58.982246;31.075342
227;-10975.0;12.0;1919.0;15.0;3.5186546;6.697045;3.7236469;9.740762;7.052135;14.362007;3.8852901;8.374317;1.2467061;0.48542184;26.9;18.199057;6.1504536
228;-10944.0;1.0;1920.0;15.0;0.3299159;0.015914196;1.6342686;11.400676;7.466961;21.417496;0.09894804;6.9989543;0.05772945;0.0;42.6;22.371965;3.9660642
229;-10913.0;2.0;1920.0;15.0;2.1661315;16.044752;6.246426;20.321402;26.643599;18.410946;5.984037;16.600256;0.5778733;0.2682412;15.0;14.770199;23.769648
230;-10884.0;3.0;1920.0;15.0;4.047733;36.61801;14.9696455;32.20838;44.213234;38.79571;7.527011;81.44442;1.5262569;0.5250217;42.3;51.935493;69.64027
231;-10853.0;4.0;1920.0;15.0;70.47688;83.85889;59.50511;74.22294;72.64039;78.18994;73.69595;98.62834;50.216747;21.710062;91.0;86.93062;84.43449
232;-10823.0;5.0;1920.0;15.0;137.8577;144.9458;130.50812;210.70511;193.69977;261.55975;122.51717;227.76593;91.656815;93.43171;293.2;277.24493;183.70584
233;-10792.0;6.0;1920.0;15.0;138.88368;125.531715;142.04955;198.70793;178.41234;228.89699;142.24739;195.05019;151.66074;113.415436;255.6;240.23242;164.9422
234;-10762.0;7.0;1920.0;15.0;115.266655;111.88899;117.7348;89.87252;103.26406;113.68769;125.271065;118.69554;106.78492;133.60396;134.4;131.53752;106.66861
235;-10731.0;8.0;1920.0;15.0;197.25633;75.9308;180.75981;15.94523;26.552824;21.763676;182.27692;50.245987;288.27435;228.94618;25.6;27.965456;44.992954
236;-10700.0;9.0;1920.0;15.0;237.13231;138.21799;189.22443;32.563812;47.521927;34.849697;221.00243;63.668232;253.47932;194.23773;32.6;37.87776;63.409607
237;-10670.0;10.0;1920.0;15.0;73.37589;110.97472;65.00298;80.09805;87.68404;83.04417;89.81005;84.84158;47.95337;21.963043;87.4;85.71724;88.71389
238;-10639.0;11.0;1920.0;15.0;29.055763;34.188076;29.967947;64.72844;59.23104;63.982944;33.523556;60.71833;25.151375;11.962146;82.7;62.564884;54.001713
239;-10609.0;12.0;1920.0;15.0;0.020257423;0.0;0.14547773;3.1167707;0.5784342;1.8027871;0.0;0.00024822037;0.026940282;0.10656477;5.6;0.51345277;0.002642096
240;-10578.0;1.0;1921.0;15.0;0.2473684;6.928277;3.4916332;15.276456;22.324974;14.560514;0.87725425;14.043364;0.0;0.0;2.1;15.431196;18.947468
241;-10547.0;2.0;1921.0;15.0;1.3751174;25.547384;9.269336;24.124445;35.485558;32.940674;5.502239;39.97447;0.15629241;0.34704638;9.1;34.522484;37.7269
242;-10519.0;3.0;1921.0;15.0;5.546737;58.12134;24.683077;45.795876;71.042076;52.300022;12.927204;82.041435;12.2919445;11.834374;17.6;69.045944;77.403046
243;-10488.0;4.0;1921.0;15.0;55.999077;93.04756;62.640472;67.59767;48.14281;82.63117;71.00514;104.267944;52.853344;49.47636;108.3;96.59837;60.005184
244;-10458.0;5.0;1921.0;15.0;149.21971;138.21523;132.68382;150.83667;157.77225;151.35289;135.01329;181.36853;125.063484;99.28983;150.8;193.50212;155.77884
245;-10427.0;6.0;1921.0;15.0;147.56879;145.04102;149.70285;176.21039;166.88185;222.78923;168.70654;198.55887;110.33122;151.11401;219.1;239.26268;170.01852
246;-10397.0;7.0;1921.0;15.0;166.88911;221.0899;182.25813;114.95362;126.338715;252.33095;201.98601;334.79935;165.1869;152.97946;242.6;325.1462;203.09961
247;-10366.0;8.0;1921.0;15.0;272.79974;201.63043;220.22787;73.88505;120.38851;102.566574;267.46576;165.50104;188.08302;238.52753;36.8;122.79281;165.80026
248;-10335.0;9.0;1921.0;15.0;311.14532;252.88405;279.43515;157.63713;256.39786;221.28159;282.4461;264.35547;270.15707;284.25818;138.5;259.46826;297.72192
249;-10305.0;10.0;1921.0;15.0;62.318954;92.540405;72.09069;168.26442;180.49712;132.00658;78.88068;92.25414;48.22735;45.68881;160.0;126.72849;137.20862
250;-10274.0;11.0;1921.0;15.0;17.782753;54.168808;22.71851;29.97137;52.506214;45.946194;30.35302;75.1527;3.685559;0.2804605;33.5;59.460426;63.83523
251;-10244.0;12.0;1921.0;15.0;1.5868452;2.8988497;3.6078572;22.101536;22.86672;23.669962;0.0;13.228562;0.0;0.010162869;35.0;29.121668;16.556463
252;-10213.0;1.0;1922.0;15.0;6.8571877;0.13170202;2.6404176;2.7242336;0.2073627;21.400345;0.26231045;0.020801783;0.7588183;0.0;68.8;22.369669;0.327301
253;-10182.0;2.0;1922.0;15.0;16.202534;22.893919;17.131693;84.69524;84.054016;48.674515;10.917271;27.834839;10.963725;1.6241615;52.6;49.31763;36.27093
254;-10154.0;3.0;1922.0;15.0;12.552515;39.797016;18.53818;20.80139;23.017263;27.307209;28.82261;34.830082;6.007469;10.537844;34.0;34.31493;37.482155
255;-10123.0;4.0;1922.0;15.0;84.790215;95.41266;73.893074;96.12188;120.632324;91.88777;98.12171;129.06042;52.237244;22.733583;50.8;70.838646;184.52876
256;-10093.0;5.0;1922.0;15.0;129.26443;115.53171;108.63659;154.03154;161.4221;139.01155;155.17686;164.27829;92.17444;46.676575;105.8;145.91136;169.11429
257;-10062.0;6.0;1922.0;15.0;139.45068;98.63612;143.5435;162.5943;144.4178;295.10803;164.16617;149.62898;140.91197;140.31834;359.0;258.73227;139.15422
258;-10032.0;7.0;1922.0;15.0;179.96191;106.84697;150.83395;21.461077;34.908363;12.971479;202.95274;23.438343;161.96234;196.11429;16.4;16.699167;30.715578
259;-10001.0;8.0;1922.0;15.0;163.80127;115.48831;176.47403;31.901217;62.783443;9.168733;148.83853;45.403706;205.19374;297.68213;11.1;12.381823;54.443645
260;-9970.0;9.0;1922.0;15.0;288.06683;181.33507;228.1544;53.777622;87.45363;113.72777;355.8737;107.22451;216.87613;232.92703;128.1;128.41476;96.783264
261;-9940.0;10.0;1922.0;15.0;170.23393;214.79324;139.24794;247.276;264.94034;211.17198;180.14856;150.79352;70.992134;64.3825;186.8;178.5007;192.44574
262;-9909.0;11.0;1922.0;15.0;21.527092;63.514355;31.53449;65.1145;78.70937;104.84389;40.962673;80.50406;12.733413;0.37970555;156.7;100.57598;83.27484
263;-9879.0;12.0;1922.0;15.0;0.0;0.21118048;0.45168254;0.11789979;0.8171312;6.6521487;0.0;3.133859;0.0;0.010162869;0.4;6.780947;1.3436073
264;-9848.0;1.0;1923.0;15.0;1.4275097;14.156844;5.260865;18.572243;18.06798;34.091892;0.6436394;23.281101;3.9340965e-05;0.0;88.4;45.535492;8.192672
265;-9817.0;2.0;1923.0;15.0;6.1064653;38.067253;11.417258;24.684834;41.380283;18.939537;10.036602;32.73496;0.0;0.3093723;27.9;38.721287;27.1643
266;-9789.0;3.0;1923.0;15.0;43.35562;92.1066;44.900364;63.24447;69.50428;89.9514;85.47035;59.13125;24.033861;3.674141;111.7;75.16946;70.62073
267;-9758.0;4.0;1923.0;15.0;121.769875;134.01822;92.808464;111.88757;125.22121;140.9533;119.752686;118.69464;64.4246;30.85985;191.9;131.55014;130.82571
268;-9728.0;5.0;1923.0;15.0;114.62856;124.02228;108.63475;129.33215;120.26896;115.88486;113.20202;99.97649;83.716896;109.969826;132.5;111.224174;108.047905
269;-9697.0;6.0;1923.0;15.0;154.83344;117.69656;133.98534;113.7006;77.852974;189.30109;123.158264;166.87506;147.02992;110.06695;275.0;184.15329;132.22813
270;-9667.0;7.0;1923.0;15.0;132.51584;138.9256;142.88573;123.419716;102.23328;155.92094;176.66188;152.2499;157.09612;135.7243;200.8;170.33484;118.448524
271;-9636.0;8.0;1923.0;15.0;238.69789;96.24099;202.7455;11.368669;24.526617;33.965206;177.54453;21.940687;232.924;322.1213;6.2;19.269962;41.549644
272;-9605.0;9.0;1923.0;15.0;192.449;142.58344;164.41173;89.11177;123.9222;76.6907;205.92561;97.03429;171.20325;166.97684;76.7;87.06757;112.32967
273;-9575.0;10.0;1923.0;15.0;119.49141;161.46632;99.627556;153.98529;167.609;161.12506;130.34843;144.69218;50.12268;35.718765;151.6;148.4052;163.75772
274;-9544.0;11.0;1923.0;15.0;7.8197575;14.019539;10.5526;15.507129;12.841233;24.013382;22.605637;31.057566;4.9232936;2.4750483;29.4;26.720823;25.59041
275;-9514.0;12.0;1923.0;15.0;0.26312828;0.38515988;0.40101886;2.19947;0.29051444;1.3734846;1.9358923;0.0;0.08500209;0.014845755;4.2;0.13163656;0.35375613
276;-9483.0;1.0;1924.0;15.0;0.4792063;7.4938207;5.531738;22.827078;17.15809;44.251583;0.70534766;31.838358;0.0;0.0;21.8;22.524166;31.581757
277;-9452.0;2.0;1924.0;15.0;20.626852;44.26135;25.803013;69.43681;85.1824;64.81849;25.210844;73.70109;9.682433;2.2273893;41.4;48.699257;86.99956
278;-9423.0;3.0;1924.0;15.0;51.08611;70.465965;44.96911;73.10055;73.611435;77.20264;52.40369;87.22528;33.467537;2.6206434;103.0;71.344925;116.34975
279;-9392.0;4.0;1924.0;15.0;51.787014;149.97836;89.41469;218.64688;221.39555;207.90683;95.505714;167.54092;53.861877;50.745327;124.9;186.97751;192.88632
280;-9362.0;5.0;1924.0;15.0;84.99757;75.51796;78.98412;64.34207;52.980267;47.711082;70.78297;93.61762;101.792175;67.576256;75.3;80.47851;68.34761
281;-9331.0;6.0;1924.0;15.0;208.79315;136.87463;182.17188;141.26387;158.76329;147.6717;167.08333;221.26517;222.67403;156.62788;96.6;154.74594;200.24918
282;-9301.0;7.0;1924.0;15.0;205.1694;140.97772;175.95967;32.677086;54.711742;42.515587;156.66545;102.08477;200.11932;223.06714;79.1;58.411667;86.267845
283;-9270.0;8.0;1924.0;15.0;204.6126;129.31598;197.10744;34.231724;62.469864;43.574455;159.76155;60.918446;222.01218;311.8195;40.5;42.624138;69.29734
284;-9239.0;9.0;1924.0;15.0;293.88696;224.06033;258.07462;134.7949;154.6144;150.49022;257.73422;235.57306;277.59323;266.03873;166.8;154.17062;246.00601
285;-9209.0;10.0;1924.0;15.0;100.5035;112.61584;91.910065;212.48871;164.2887;256.4551;105.18884;160.69615;57.72058;32.328194;361.7;254.70427;149.05472
286;-9178.0;11.0;1924.0;15.0;4.283552;14.149144;8.590275;31.79122;44.51542;28.447144;2.7991505;37.856903;1.7205377;0.18887122;9.9;30.574432;37.78911
287;-9148.0;12.0;1924.0;15.0;2.1019557;16.195326;6.8555956;17.139465;12.83178;46.702065;4.654808;21.653996;2.1530578;0.18300667;60.2;51.338276;11.905334
288;-9117.0;1.0;1925.0;15.0;0.0034434274;0.0;0.121147186;3.2466938;2.9612;0.10712693;0.0;0.0;0.0;0.0;0.3;0.009402611;0.19413278
289;-9086.0;2.0;1925.0;15.0;4.3868976;7.1298676;5.934379;26.749273;35.13188;35.60344;2.706411;7.7900057;0.0;0.107798405;8.4;22.465574;27.449814
290;-9058.0;3.0;1925.0;15.0;46.872643;69.38035;43.55318;97.59028;90.21881;94.79795;65.48085;59.222576;25.94979;9.839045;159.0;90.794785;60.33264
291;-9027.0;4.0;1925.0;15.0;58.458466;113.47479;62.336227;141.54277;131.869;116.77745;83.09249;173.87946;27.560575;11.483943;48.9;159.84564;112.75603
292;-8997.0;5.0;1925.0;15.0;114.0103;101.07301;133.09793;208.97191;191.74733;285.41937;113.551125;190.29;154.75812;107.574165;356.3;255.56142;191.00145
293;-8966.0;6.0;1925.0;15.0;154.59628;170.05574;152.28098;299.1777;160.051;296.66837;144.94545;197.88661;155.82516;102.70197;316.1;261.466;153.86664
294;-8936.0;7.0;1925.0;15.0;155.87524;107.34455;170.8312;97.443954;113.068375;150.10088;162.85435;76.33237;214.50772;223.85262;141.9;103.722885;129.72992
295;-8905.0;8.0;1925.0;15.0;313.6536;250.24184;261.51453;66.92515;137.09343;78.56364;332.11182;93.5365;269.71762;273.42017;197.1;87.67254;165.11829
296;-8874.0;9.0;1925.0;15.0;267.97525;144.95541;221.56158;111.28094;135.46114;135.80319;280.6038;113.13365;246.61632;232.75247;107.6;126.9473;134.48784
297;-8844.0;10.0;1925.0;15.0;129.64243;69.137344;105.75612;48.418007;45.986725;58.602463;135.70059;23.515295;135.84464;107.62136;158.0;62.443024;28.44935
298;-8813.0;11.0;1925.0;15.0;28.015133;50.720238;26.096848;46.92871;68.24622;41.008892;45.496906;29.42853;16.14165;1.1690543;81.9;48.718937;31.394537
299;-8783.0;12.0;1925.0;15.0;0.0;0.22195749;3.814829;42.67932;46.633656;40.973015;0.0;6.318013;0.0;0.010162869;21.8;29.36915;12.806321
300;-8752.0;1.0;1926.0;15.0;0.07388571;2.0049162;0.39682743;0.7792065;2.041941;0.09292;0.0046304525;0.67670655;0.0;0.0;0.3;0.009402611;1.2619306
301;-8721.0;2.0;1926.0;15.0;0.9795772;20.010868;13.598187;75.47816;54.09098;82.80437;2.7442095;88.80284;0.7803363;0.07746234;83.1;99.1484;54.04948
302;-8693.0;3.0;1926.0;15.0;40.124737;95.47118;44.579388;124.113594;105.55305;119.633514;72.26994;87.15406;8.7419;2.956619;159.1;126.672516;78.59534
303;-8662.0;4.0;1926.0;15.0;76.50057;155.58174;76.32403;112.06184;97.29762;195.12274;91.92459;107.42907;39.96216;18.11164;275.3;160.61903;134.30339
304;-8632.0;5.0;1926.0;15.0;133.87773;162.84023;139.40494;210.7569;181.11911;272.2978;140.58478;193.17578;103.80049;120.76194;225.4;242.02808;157.01419
305;-8601.0;6.0;1926.0;15.0;123.91279;91.117546;157.77202;284.4884;238.33507;294.14478;126.259636;215.39961;185.40506;169.3776;274.8;277.3838;181.04071
306;-8571.0;7.0;1926.0;15.0;199.0647;156.1784;172.7352;59.00546;56.266872;48.043995;214.68974;60.32359;195.73454;190.98672;82.6;50.159664;78.46336
307;-8540.0;8.0;1926.0;15.0;278.81635;119.02118;189.70966;15.09486;27.626122;15.7957;261.30283;23.019442;235.30554;178.81685;27.4;17.667757;40.50049
308;-8509.0;9.0;1926.0;15.0;257.6842;153.58455;179.12881;192.63297;133.20787;98.82194;192.48096;133.47636;181.80331;141.43954;136.7;95.98052;123.24767
309;-8479.0;10.0;1926.0;15.0;47.330124;70.797554;40.518513;116.25072;102.82215;114.88141;39.373325;53.294304;15.3433485;11.108262;106.1;91.45031;57.93113
310;-8448.0;11.0;1926.0;15.0;12.1507;8.102891;13.70806;48.69267;27.288177;73.66519;4.068528;35.535797;10.121532;4.086104;143.9;62.516426;40.809193
311;-8418.0;12.0;1926.0;15.0;0.0;0.23100781;0.5676074;5.522151;4.685349;2.0051365;0.38648313;1.9476309;0.6887398;0.010162869;4.2;0.8077;1.7966791
312;-8387.0;1.0;1927.0;15.0;1.0244287;4.585844;3.438274;16.521843;7.3183208;29.973589;6.5439706;7.430382;0.0;0.0;37.1;28.472605;6.3681116
313;-8356.0;2.0;1927.0;15.0;13.802403;41.817276;21.485489;88.22109;69.25858;57.15027;22.753294;42.501022;12.667205;0.8244429;39.9;39.14105;60.439106
314;-8328.0;3.0;1927.0;15.0;2.7446194;40.32678;15.877525;49.82592;35.552334;98.70955;7.827306;50.395073;0.074458145;0.121856876;95.1;88.46599;66.03712
315;-8297.0;4.0;1927.0;15.0;91.57833;122.41741;73.45834;117.99396;129.1321;132.01646;100.97967;113.69814;26.991278;22.219675;146.0;140.7664;120.11294
316;-8267.0;5.0;1927.0;15.0;125.38618;90.09238;105.924515;67.2503;96.26909;70.339966;122.342964;112.30906;109.30033;96.908035;54.5;86.63528;88.31831
317;-8236.0;6.0;1927.0;15.0;166.30632;197.22464;170.25032;127.652725;136.5237;124.83891;195.3889;188.38446;191.0494;151.00967;147.2;142.87549;129.95074
318;-8206.0;7.0;1927.0;15.0;126.6576;99.994415;124.4211;50.470383;64.989586;53.586155;156.85414;88.06297;165.8508;126.95975;24.2;54.605644;67.099625
319;-8175.0;8.0;1927.0;15.0;233.46294;100.077034;199.81349;4.8713408;20.091125;3.4300172;218.92114;37.680706;206.44159;318.69193;1.1;8.355392;43.901836
320;-8144.0;9.0;1927.0;15.0;280.02826;168.61288;239.03906;43.24271;95.826485;86.96751;259.91367;123.79722;286.0333;273.0635;28.0;98.341805;148.16368
321;-8114.0;10.0;1927.0;15.0;178.06367;117.7569;152.0116;180.0924;176.10263;173.42577;136.1945;149.98895;161.52219;136.07484;141.0;168.4165;155.74379
322;-8083.0;11.0;1927.0;15.0;8.929471;7.6115785;12.120955;57.0374;46.98417;62.198017;9.046394;19.916494;5.937866;6.409476;142.0;61.807713;22.013372
323;-8053.0;12.0;1927.0;15.0;0.063829884;3.5168288;5.519142;50.397804;50.59953;28.12316;0.104518846;24.967487;0.0;0.010162869;24.1;28.073853;33.374863
324;-8022.0;1.0;1928.0;15.0;0.45461297;2.2915678;5.090647;31.089037;25.095951;58.985363;0.102484815;23.268929;5.245462e-05;0.0;157.2;61.589325;16.325806
325;-7991.0;2.0;1928.0;15.0;0.19237116;6.6446943;1.8061835;0.8346287;7.424545;6.851347;1.0953382;3.9393625;0.0026819515;0.016668338;0.6;6.1613393;6.7124076
326;-7962.0;3.0;1928.0;15.0;39.92952;51.606087;42.634884;82.49046;66.96674;79.428764;82.67039;56.788704;29.90018;14.899062;91.4;79.53784;75.60165
327;-7931.0;4.0;1928.0;15.0;59.19966;111.287;70.31829;133.27722;162.73499;115.75521;67.354256;112.56331;64.89862;27.5779;126.6;111.8978;132.35594
328;-7901.0;5.0;1928.0;15.0;159.99858;189.45476;136.97481;154.04779;143.2854;149.267;160.79485;166.61572;94.26181;102.60722;128.2;154.71634;135.31854
329;-7870.0;6.0;1928.0;15.0;164.66519;132.27321;141.82059;126.263214;128.8217;132.95888;139.97855;165.93362;152.45787;121.646835;71.1;174.61624;110.50272
330;-7840.0;7.0;1928.0;15.0;165.4797;159.32947;175.84352;152.12242;169.64941;53.72401;196.48793;156.154;223.08458;177.76863;17.2;73.49651;153.1018
331;-7809.0;8.0;1928.0;15.0;248.67194;126.533936;236.9533;53.99668;77.919624;50.66238;230.62022;82.85031;368.86752;281.79562;38.2;58.653843;122.15856
332;-7778.0;9.0;1928.0;15.0;266.08386;145.05058;190.49779;127.01994;143.38982;126.30583;226.00294;109.35416;181.83745;176.29271;85.7;123.23635;115.86769
333;-7748.0;10.0;1928.0;15.0;110.362404;89.075356;96.86326;209.01355;157.54018;116.12862;98.038124;135.99823;80.483215;75.4375;234.6;155.88602;107.2859
334;-7717.0;11.0;1928.0;15.0;10.830785;10.07128;7.4857545;12.680654;9.994832;20.556286;10.038808;16.760069;2.5690928;0.08497589;19.4;22.890898;15.33307
335;-7687.0;12.0;1928.0;15.0;0.03641211;1.3267885;1.1320616;4.8954854;4.790557;11.820258;0.002025823;2.9468563;0.0;0.010162869;2.8;5.8931866;7.166202
336;-7656.0;1.0;1929.0;15.0;1.1938378;17.429089;4.269351;20.143967;16.998772;7.858199;3.8399842;6.475407;0.0;0.0;16.8;7.0729795;8.190065
337;-7625.0;2.0;1929.0;15.0;2.3287184;26.472818;12.167559;51.515488;53.62987;66.9743;13.652966;35.164978;1.5643152;0.12505867;25.5;58.184235;32.574745
338;-7597.0;3.0;1929.0;15.0;60.45635;74.63255;55.60905;73.80691;87.97637;56.77515;93.17476;76.83137;35.96803;25.823261;29.1;59.988655;95.029465
339;-7566.0;4.0;1929.0;15.0;88.248344;74.78773;60.61927;75.22794;74.517204;110.48285;66.98159;100.532265;39.225266;17.984703;99.2;111.56154;94.04051
340;-7536.0;5.0;1929.0;15.0;134.60829;143.37494;122.55951;164.76619;146.35143;175.60777;129.02164;149.11256;105.669235;83.8488;208.0;183.66849;168.03905
341;-7505.0;6.0;1929.0;15.0;210.08989;173.77765;200.23936;388.33047;324.6878;368.33566;184.28673;299.11255;170.48999;170.585;431.6;371.16434;202.76355
342;-7475.0;7.0;1929.0;15.0;255.95297;165.50862;214.7342;104.72702;163.27187;114.45725;208.48222;128.07323;222.66193;248.51022;79.0;117.71677;149.04146
343;-7444.0;8.0;1929.0;15.0;271.92883;147.24232;225.88345;46.34516;65.079666;25.586742;212.6482;49.258266;244.66275;326.5071;8.5;23.644089;62.90545
344;-7413.0;9.0;1929.0;15.0;221.01039;145.55724;181.93591;70.28772;78.52786;81.36348;254.97249;80.50895;229.8992;159.82611;87.7;71.470726;87.224335
345;-7383.0;10.0;1929.0;15.0;217.09944;175.71219;145.56644;96.84923;114.65291;114.76953;168.78033;143.51741;91.92976;109.08699;123.4;145.71112;104.82822
346;-7352.0;11.0;1929.0;15.0;11.746378;20.085714;20.549614;98.97415;76.479805;105.90242;38.774372;59.783436;5.151144;0.19383481;167.1;111.791115;42.676018
347;-7322.0;12.0;1929.0;15.0;0.0;0.42783472;2.6612914;18.185982;5.3403087;34.993225;0.12860917;19.79922;0.007816365;0.010162869;53.0;39.22166;5.924845
348;-7291.0;1.0;1930.0;15.0;0.12447705;4.3427086;2.1295347;4.4796286;7.9478664;7.5375395;0.1100093;13.637815;5.245462e-05;0.0;20.0;10.525305;13.688878
349;-7260.0;2.0;1930.0;15.0;2.9491236;8.511619;3.795113;8.395825;6.1221375;9.503127;9.689247;6.569563;0.13788669;0.09675103;0.9;11.199732;6.715498
350;-7232.0;3.0;1930.0;15.0;59.056725;124.055595;56.2375;58.5778;68.19008;139.83363;77.92475;103.93281;17.363226;2.37905;149.0;116.91527;139.59874
351;-7201.0;4.0;1930.0;15.0;55.94342;64.18119;57.646664;58.060284;62.911293;75.04205;60.585663;76.08527;69.81641;40.067345;95.4;72.7057;54.4008
352;-7171.0;5.0;1930.0;15.0;199.28667;175.78656;173.39246;190.3656;162.0104;229.05035;195.22948;158.92737;164.03586;136.10754;418.4;230.30305;177.98312
353;-7140.0;6.0;1930.0;15.0;128.7301;185.6608;135.69333;139.96918;106.53299;274.3484;107.06285;295.6122;108.07398;97.44518;434.3;304.48672;185.2716
354;-7110.0;7.0;1930.0;15.0;195.4011;124.347015;184.21483;88.95594;100.032135;97.27064;167.0839;146.24081;232.13959;222.54276;87.1;106.086815;105.773224
355;-7079.0;8.0;1930.0;15.0;203.22412;96.032814;202.77458;12.240964;21.24367;13.959768;205.96143;30.997349;255.3612;329.99792;8.6;14.735519;39.732784
356;-7048.0;9.0;1930.0;15.0;235.57472;114.89731;156.44576;123.12406;98.84632;40.45059;167.69418;86.411575;166.37245;136.98813;73.9;54.57132;85.20213
357;-7018.0;10.0;1930.0;15.0;98.40798;114.34748;90.70097;220.43982;166.81894;144.17172;92.26268;161.89359;73.00783;39.384098;126.2;152.94418;148.39667
358;-6987.0;11.0;1930.0;15.0;8.696526;26.824984;12.84334;35.210426;36.95935;26.593224;12.211201;22.542202;10.200731;0.6365761;17.0;27.39691;33.303616
359;-6957.0;12.0;1930.0;15.0;0.428501;4.5491014;4.8375273;36.187042;42.710827;9.814695;0.7787865;28.04192;0.7808941;0.010162869;7.5;31.40339;25.298721
360;-6926.0;1.0;1931.0;15.0;2.9305391;13.109268;5.216557;22.623142;24.815474;16.359985;5.2440343;10.379482;0.013593689;0.0;21.6;20.785433;13.817851
361;-6895.0;2.0;1931.0;15.0;6.092336;40.2775;12.521699;48.947224;34.418045;33.966824;10.474562;40.131756;0.021567106;0.13565467;36.9;24.600712;31.658327
362;-6867.0;3.0;1931.0;15.0;38.106655;55.945145;34.198475;117.33911;93.98787;82.29943;37.310455;49.366596;18.244999;5.556714;152.2;84.861404;52.40751
363;-6836.0;4.0;1931.0;15.0;109.2874;117.91837;84.53469;78.74744;70.85731;86.980774;87.68216;142.99135;67.26098;41.13047;96.8;96.5956;120.360756
364;-6806.0;5.0;1931.0;15.0;114.282364;117.31412;109.81095;158.88;106.389946;148.11038;132.67688;149.90213;98.7952;87.99717;232.7;171.17746;96.044815
365;-6775.0;6.0;1931.0;15.0;194.85114;154.69109;175.63664;194.41425;150.38942;241.07129;207.35605;155.44185;186.6942;138.33939;320.0;237.04532;178.665
366;-6745.0;7.0;1931.0;15.0;239.61847;115.4719;208.51987;66.44093;60.913868;39.963898;288.83728;112.36806;261.8138;241.03862;55.8;76.80247;66.93475
367;-6714.0;8.0;1931.0;15.0;232.3991;141.65947;216.85614;24.425388;42.776184;59.72306;261.15704;129.1462;254.6683;278.59094;70.7;94.94313;107.11584
368;-6683.0;9.0;1931.0;15.0;298.36258;164.9192;238.14778;104.07264;121.934654;216.24849;236.03061;205.76564;266.67108;236.0675;125.2;259.19763;161.85387
369;-6653.0;10.0;1931.0;15.0;67.77769;103.754745;58.01401;56.989334;67.97968;67.129875;89.3007;98.42513;33.805748;18.105076;81.2;87.3861;75.69157
370;-6622.0;11.0;1931.0;15.0;14.761334;39.644707;20.601557;92.2719;49.677937;54.114597;17.142004;60.687656;13.495143;1.8590693;115.4;66.22861;35.995075
371;-6592.0;12.0;1931.0;15.0;0.0005081488;0.6399953;0.8685304;10.932225;14.216538;1.4739555;0.40623328;1.4302264;0.007816365;0.0;0.4;3.002889;3.98394
372;-6561.0;1.0;1932.0;15.0;0.0034434274;3.295881;2.831733;6.4366217;7.462643;28.690634;0.102484815;4.871488;5.245462e-05;0.0;87.7;28.61267;20.139544
373;-6530.0;2.0;1932.0;15.0;25.743582;29.0638;16.982626;30.915604;38.486664;27.03628;17.818361;14.666248;11.09762;1.3030536;43.4;20.311941;21.529917
374;-6501.0;3.0;1932.0;15.0;79.48728;99.34954;65.348946;145.42033;144.15616;123.8718;73.39783;154.21841;22.231155;17.163805;125.2;131.29095;133.47386
375;-6470.0;4.0;1932.0;15.0;46.579304;83.042305;48.13722;72.905655;78.315994;128.83008;84.27759;87.060936;23.435417;5.2424026;80.8;110.125916;91.90097
376;-6440.0;5.0;1932.0;15.0;145.35406;128.91995;142.36984;231.21155;171.71477;251.8044;128.1423;200.25581;149.8816;105.32467;281.1;267.9331;177.526
377;-6409.0;6.0;1932.0;15.0;140.67282;116.35187;145.247;259.71347;216.7865;255.34494;120.43081;155.66022;147.559;137.42554;278.8;233.04674;165.45956
378;-6379.0;7.0;1932.0;15.0;121.17053;20.09683;96.37683;2.3616698;3.7806404;8.093056;120.82642;25.707817;128.68575;130.1986;3.5;10.701565;19.159641
379;-6348.0;8.0;1932.0;15.0;163.40099;86.80673;130.85294;9.522497;37.38372;18.702515;140.58066;53.123753;145.30025;168.01447;19.9;32.022594;42.71007
380;-6317.0;9.0;1932.0;15.0;189.00853;59.527676;158.46216;39.8715;37.496597;41.92784;189.81491;43.570484;254.27672;167.79495;71.6;48.232513;41.755554
381;-6287.0;10.0;1932.0;15.0;147.64398;138.41145;118.46979;55.443287;62.641125;97.11894;139.18869;129.12053;100.010414;100.13477;114.9;120.79978;92.49977
382;-6256.0;11.0;1932.0;15.0;1.5565501;3.4199548;10.329739;66.18738;62.97014;67.5197;12.001733;38.764584;5.370615;0.27113536;77.5;67.10768;31.949162
383;-6226.0;12.0;1932.0;15.0;0.79597825;20.042404;5.919579;35.10542;42.36947;10.060435;2.710807;7.1299677;0.007816365;0.0;1.8;6.192157;24.066463
384;-6195.0;1.0;1933.0;15.0;2.9822962;30.21487;11.74985;33.797073;33.7923;54.068264;9.388593;51.072567;5.245462e-05;0.0;76.0;62.531094;36.860977
385;-6164.0;2.0;1933.0;15.0;13.957767;23.81489;17.583271;67.90569;60.599228;69.01127;13.766356;56.970146;3.7462652;2.2208543;69.7;64.52992;57.262447
386;-6136.0;3.0;1933.0;15.0;29.5066;62.679806;41.61194;105.16585;118.0451;168.4054;48.703472;113.28863;14.215142;1.5383528;193.2;167.67532;134.8992
387;-6105.0;4.0;1933.0;15.0;69.66623;91.63225;77.4986;138.08511;110.75662;110.149536;125.96694;118.01151;73.581955;41.323685;116.6;121.3527;85.60006
388;-6075.0;5.0;1933.0;15.0;139.4854;224.89908;153.31245;216.60721;216.80663;197.11618;187.35626;185.62375;132.14018;97.70632;380.4;232.77031;205.48997
389;-6044.0;6.0;1933.0;15.0;152.05907;163.00172;162.0968;155.68683;167.45294;297.93683;162.4186;255.6495;146.9943;131.88838;254.7;327.5382;241.65704
390;-6014.0;7.0;1933.0;15.0;274.13525;296.98874;244.69704;208.71236;203.43733;186.77417;287.5858;284.18973;228.81528;185.15836;221.4;227.58649;276.0569
391;-5983.0;8.0;1933.0;15.0;273.84305;323.07007;241.18953;50.286133;85.21694;39.69692;304.2093;119.91858;226.23314;233.51282;63.5;48.534348;198.31824
392;-5952.0;9.0;1933.0;15.0;249.55089;159.06427;197.97205;117.00797;142.9381;122.798225;219.3761;109.47893;229.59317;174.91275;84.4;130.38187;160.176
393;-5922.0;10.0;1933.0;15.0;16.97935;144.22568;58.436028;163.08522;144.4547;216.56914;39.249622;177.70288;8.414777;22.702524;312.7;233.37097;167.02675
394;-5891.0;11.0;1933.0;15.0;28.666086;65.697426;34.758118;79.59204;76.351875;77.43217;45.39721;82.03487;20.384129;1.7198886;82.4;76.09017;85.24109
395;-5861.0;12.0;1933.0;15.0;12.926482;24.815289;11.924609;19.68044;24.551743;27.691868;9.856423;45.6421;1.124011;0.02724634;66.5;40.932518;33.37667
396;-5830.0;1.0;1934.0;15.0;0.0034434274;0.26914904;0.45917803;0.0;6.9295964;0.08843359;0.0;0.2989044;0.0;0.0;0.3;0.41003338;5.826118
397;-5799.0;2.0;1934.0;15.0;0.31861782;1.0032395;0.67038816;0.067676;1.2863779;0.5052903;2.5701683;0.00082103664;0.7449153;0.0;1.7;1.1710743;0.91092575
398;-5771.0;3.0;1934.0;15.0;49.083595;56.85128;41.14541;81.41519;68.78329;77.584564;74.977745;100.84275;19.215826;3.4510736;116.8;98.24525;67.62895
399;-5740.0;4.0;1934.0;15.0;70.97316;127.77546;69.36567;102.419876;86.56441;139.19647;68.365456;133.97366;36.84341;22.847351;158.8;149.35681;150.20807
400;-5710.0;5.0;1934.0;15.0;145.23195;167.53856;123.22606;188.7571;204.21964;159.51295;136.7849;166.81778;85.62318;62.68646;196.1;158.47688;205.55244
401;-5679.0;6.0;1934.0;15.0;147.034;173.02739;160.81287;129.18582;139.32043;238.85709;129.84833;284.15347;147.36996;147.68321;154.6;267.836;252.74602
402;-5649.0;7.0;1934.0;15.0;208.27461;209.3218;195.11946;94.43257;116.31188;118.06421;214.03244;161.5318;208.91428;178.76657;169.2;146.54129;226.6565
403;-5618.0;8.0;1934.0;15.0;274.88647;225.23238;272.30963;110.76469;139.4049;123.856155;280.85187;151.20148;315.21378;341.1801;166.0;158.01392;153.20451
404;-5587.0;9.0;1934.0;15.0;334.05554;238.91199;249.20947;157.7111;172.75789;197.70567;373.72168;194.00154;241.03912;160.77173;138.3;185.55022;219.48074
405;-5557.0;10.0;1934.0;15.0;102.77019;110.40794;105.0727;188.57835;165.77466;184.61311;161.52374;131.94998;119.7075;36.410126;323.7;207.75835;127.96573
406;-5526.0;11.0;1934.0;15.0;0.34256685;2.0593007;5.4568806;30.868237;15.152535;61.571133;0.3450949;37.693073;0.58279306;0.0;135.9;68.989975;15.418587
407;-5496.0;12.0;1934.0;15.0;0.0;0.8426448;2.6446748;27.650688;9.651404;25.855877;0.12860917;17.638565;0.007816365;0.0;44.4;34.844246;7.4732723
408;-5465.0;1.0;1935.0;15.0;0.19031467;2.209421;3.2797205;29.248432;21.873425;43.36684;0.65707743;4.8411508;0.07905318;0.0;145.2;46.150795;2.9360418
409;-5434.0;2.0;1935.0;15.0;4.4082594;49.592754;13.216606;25.349012;32.695778;23.557096;8.323411;36.39088;0.49536756;1.5343618;37.1;21.284725;43.039326
410;-5406.0;3.0;1935.0;15.0;22.373045;90.50655;37.187572;104.77134;63.33699;112.2936;33.669155;102.678925;16.713745;3.2882032;170.7;110.835594;89.686516
411;-5375.0;4.0;1935.0;15.0;66.526024;156.54866;72.27007;89.04539;82.75418;175.39832;78.53655;142.47224;39.220566;21.012926;172.9;170.53947;110.02865
412;-5345.0;5.0;1935.0;15.0;89.02045;152.1028;106.89654;172.00925;123.55305;196.55106;119.40712;131.22276;86.36765;78.8581;365.4;214.14815;145.96397
413;-5314.0;6.0;1935.0;15.0;133.76898;184.33884;162.38416;274.8601;215.64857;389.79004;142.56682;217.16975;160.06145;123.46001;471.6;379.8912;208.18704
414;-5284.0;7.0;1935.0;15.0;319.81564;245.02415;265.05362;82.95591;100.21585;140.42917;310.4811;232.41852;341.45245;203.66724;130.9;194.80676;204.0846
415;-5253.0;8.0;1935.0;15.0;349.1535;179.977;281.593;102.40873;121.92773;59.17821;264.1173;127.93212;281.11142;389.31827;46.0;57.08351;127.52927
416;-5222.0;9.0;1935.0;15.0;277.92963;135.282;205.93263;142.23492;175.78842;106.191505;259.6083;89.4254;239.85504;184.07738;75.5;100.27338;93.385376
417;-5192.0;10.0;1935.0;15.0;73.07469;124.85791;84.34607;95.26384;106.56829;136.65259;99.37939;144.21014;97.34373;35.89972;90.0;136.12651;97.84843
418;-5161.0;11.0;1935.0;15.0;0.9013496;15.434241;10.167021;57.90874;44.10445;76.02199;2.9676497;16.768047;10.507248;0.39141074;74.9;57.800385;19.098278
419;-5131.0;12.0;1935.0;15.0;0.07748309;2.6687863;2.3715012;18.123867;25.584803;7.0192647;0.0;5.0066004;0.0;0.0;16.2;4.0711055;18.887487
420;-5100.0;1.0;1936.0;15.0;0.0034434274;2.3939352;2.414173;20.66606;10.218;18.678211;0.0;6.2615952;0.0;0.0;53.4;16.148548;16.414335
421;-5069.0;2.0;1936.0;15.0;9.3299;24.83685;13.930086;21.439713;28.877249;58.87309;6.842141;35.95658;7.4422503;5.118096;17.8;39.7818;36.680878
422;-5040.0;3.0;1936.0;15.0;46.661083;56.65681;34.753437;54.31385;62.877132;78.14904;43.85671;43.351837;15.286619;3.653151;96.7;65.99943;73.52095
423;-5009.0;4.0;1936.0;15.0;131.60995;127.82529;87.46444;66.02489;78.34839;63.146366;125.177765;86.819954;52.355045;41.977425;76.7;62.266064;80.72221
424;-4979.0;5.0;1936.0;15.0;107.49272;129.73068;131.98706;197.8186;160.6054;226.93896;107.27159;154.72905;149.57913;126.77754;241.6;209.27512;144.23544
425;-4948.0;6.0;1936.0;15.0;111.96881;199.26337;129.84802;125.3715;112.449165;174.79811;168.7875;233.6098;101.9912;96.63483;217.2;193.95224;129.8631
426;-4918.0;7.0;1936.0;15.0;198.29459;153.66188;192.5003;23.596947;49.201973;20.880451;183.10927;39.562466;206.68962;292.79596;12.0;17.613194;84.29546
427;-4887.0;8.0;1936.0;15.0;131.04597;36.719124;142.387;6.2296715;14.137158;22.35887;145.42863;11.858738;199.15987;245.85318;26.5;19.213137;14.554903
428;-4856.0;9.0;1936.0;15.0;182.14311;156.26677;172.11957;77.722435;109.229385;91.06059;199.00447;95.28521;198.23947;179.607;70.3;73.25925;146.85089
429;-4826.0;10.0;1936.0;15.0;69.79814;96.703224;69.398705;76.02266;76.9195;153.35591;80.30425;118.329025;49.4315;34.77734;181.5;164.52893;115.19034
430;-4795.0;11.0;1936.0;15.0;3.7306821;38.1433;18.753822;79.53003;77.69742;66.15788;6.0872955;95.740364;7.1339407;0.053960115;62.7;73.6265;72.748184
431;-4765.0;12.0;1936.0;15.0;4.5729866;19.974098;6.940473;11.560171;28.90424;14.9714985;4.6353216;23.746536;0.005213096;0.0;21.8;20.110332;20.59202
432;-4734.0;1.0;1937.0;15.0;0.0034434274;0.069533266;0.04515264;0.0;0.20748931;0.08843359;0.0;0.48591965;0.0;0.0;0.3;0.6210493;0.18030813
433;-4703.0;2.0;1937.0;15.0;3.1578403;42.25037;15.3370695;80.88671;59.633255;85.83425;6.325323;34.982994;0.4843001;0.15587786;101.0;64.99175;50.0846
434;-4675.0;3.0;1937.0;15.0;20.201864;38.830708;25.69835;56.200344;40.48813;87.627556;30.983036;74.653915;16.612696;2.9148865;158.3;97.24367;55.878113
435;-4644.0;4.0;1937.0;15.0;38.277443;49.677876;40.310814;153.70905;150.90802;66.80427;66.92751;61.09489;20.526024;9.046504;100.6;58.88947;86.15722
436;-4614.0;5.0;1937.0;15.0;155.01837;131.8693;122.19772;175.12898;135.12523;95.423874;112.11719;140.82802;102.49591;102.97274;123.4;124.33002;110.29198
437;-4583.0;6.0;1937.0;15.0;94.39659;111.2819;106.312035;197.25488;174.83046;115.169205;72.82056;153.28029;104.398285;107.269745;134.4;141.88809;121.39297
438;-4553.0;7.0;1937.0;15.0;201.05513;259.99982;191.00371;60.905006;86.309326;83.476875;231.18114;236.71729;215.13213;147.92897;26.1;132.94128;131.3742
439;-4522.0;8.0;1937.0;15.0;210.31117;121.40576;190.58876;25.095884;53.880493;5.9624085;247.03854;41.482117;259.85855;228.8588;8.7;11.925545;54.518223
440;-4491.0;9.0;1937.0;15.0;285.27637;196.24835;205.17802;78.133156;113.39408;115.85374;262.0219;152.28792;193.40472;164.61572;177.5;152.09904;143.88966
441;-4461.0;10.0;1937.0;15.0;87.9337;138.65547;89.210045;143.95692;126.91821;185.16808;112.50609;157.73509;49.76664;37.113354;205.6;169.26793;179.5362
442;-4430.0;11.0;1937.0;15.0;1.6366624;4.3490653;8.375988;41.932583;21.713562;68.58949;5.739055;38.21906;5.4427137;0.05994302;115.3;72.16242;24.801594
443;-4400.0;12.0;1937.0;15.0;0.36039576;11.773297;3.4612038;15.656106;3.3687325;20.28026;1.9838847;9.383881;0.48193905;0.008514794;32.1;16.894747;7.907926
444;-4369.0;1.0;1938.0;15.0;0.043677885;2.116814;1.3395276;5.623834;4.9636607;4.1495056;0.0;3.6259806;0.0;0.0;7.4;4.9376254;13.7097645
445;-4338.0;2.0;1938.0;15.0;0.93156826;10.002136;5.448393;14.545269;17.388872;51.179146;0.7108324;26.4292;0.0;0.0;61.7;52.459637;14.030673
446;-4310.0;3.0;1938.0;15.0;35.611862;64.881294;40.27707;70.40085;76.3688;107.79414;26.275005;95.74719;25.62194;16.085571;135.7;109.30016;88.60248
447;-4279.0;4.0;1938.0;15.0;63.21669;82.17469;56.267075;113.908035;110.147964;132.36534;71.54035;84.960815;25.153887;23.291553;173.2;130.32489;84.68842
448;-4249.0;5.0;1938.0;15.0;133.14243;135.93628;120.10354;171.34995;191.05232;178.26068;149.19675;172.23215;90.98789;73.309364;128.6;181.86021;173.00632
449;-4218.0;6.0;1938.0;15.0;174.3142;131.20454;140.34737;147.754;131.96153;145.192;132.8627;217.64734;135.89273;116.16752;209.5;197.5882;86.834366
450;-4188.0;7.0;1938.0;15.0;92.081955;34.58675;118.49043;16.600466;32.85158;28.400442;103.06866;22.659943;150.40825;228.22557;52.2;36.037144;32.321255
451;-4157.0;8.0;1938.0;15.0;211.4504;94.46045;176.29768;32.941532;37.198193;28.535461;198.59798;37.475094;240.8381;215.53534;41.7;28.990498;40.942055
452;-4126.0;9.0;1938.0;15.0;216.70705;137.92207;177.84691;88.83842;101.47136;106.92425;186.59048;132.37169;198.46956;178.59872;130.6;124.38119;135.25331
453;-4096.0;10.0;1938.0;15.0;59.00253;131.94682;70.709435;124.18627;161.49443;151.82762;65.07564;174.58249;41.910225;20.134483;98.6;160.50908;151.56558
454;-4065.0;11.0;1938.0;15.0;23.289064;41.796318;26.083656;94.782776;109.90424;95.032196;23.816488;68.13371;4.42957;0.60364324;102.3;88.026764;74.01052
455;-4035.0;12.0;1938.0;15.0;3.149718;21.451477;9.370365;48.834988;51.780746;41.917133;6.5771914;20.025013;0.018268785;0.0;18.4;30.169321;35.045372
456;-4004.0;1.0;1939.0;15.0;3.718106;5.203942;4.105231;7.693127;8.885772;31.8091;8.927654;2.8624437;0.06775207;0.0;106.4;15.151893;7.2996206
457;-3973.0;2.0;1939.0;15.0;25.02376;54.06132;27.103392;49.15258;57.13198;49.81421;40.930424;57.784435;15.942344;1.9996732;41.6;50.07085;47.756256
458;-3945.0;3.0;1939.0;15.0;32.836685;56.582268;46.342537;110.52808;148.62256;118.870575;23.095251;75.111595;38.43895;28.849482;178.1;88.2873;114.986984
459;-3914.0;4.0;1939.0;15.0;84.68334;83.78126;68.44183;116.02386;152.09183;162.27133;56.965366;158.9208;42.530327;13.958871;118.3;162.97794;159.97908
460;-3884.0;5.0;1939.0;15.0;168.5647;126.16258;141.54924;82.62228;77.76429;117.516;170.44339;118.50133;125.10266;142.1431;169.4;121.149666;132.18472
461;-3853.0;6.0;1939.0;15.0;179.60289;165.59888;151.61084;190.55524;184.31902;243.12296;117.12248;157.36569;104.80152;147.15358;215.8;206.78476;155.34114
462;-3823.0;7.0;1939.0;15.0;143.93051;189.94481;172.07173;142.74968;125.538315;232.61916;175.86092;235.02275;202.39;148.3729;213.0;271.9839;186.11885
463;-3792.0;8.0;1939.0;15.0;219.93793;136.72311;190.1292;66.22106;70.93911;79.000916;188.34283;67.59043;248.25325;222.081;96.4;82.68731;59.37455
464;-3761.0;9.0;1939.0;15.0;254.29497;91.60648;192.0519;41.510704;58.027573;32.985634;192.40405;32.577667;266.66153;220.43384;33.9;32.51852;55.4897
465;-3731.0;10.0;1939.0;15.0;154.35623;80.35891;99.531044;29.174757;54.07275;29.871843;138.43584;33.77792;96.97263;78.134636;43.3;45.337303;53.72435
466;-3700.0;11.0;1939.0;15.0;6.548941;44.0789;17.722752;56.675743;73.59485;79.85381;8.276607;41.323597;3.507159;1.9212625;61.5;69.534325;55.367428
467;-3670.0;12.0;1939.0;15.0;2.127469;22.46279;8.988363;26.856672;32.237816;27.313974;12.290445;26.876398;0.049224824;0.0;40.9;48.76227;32.236534
468;-3639.0;1.0;1940.0;15.0;1.980541;13.224651;4.5895395;5.6916986;4.2037034;12.2033825;10.585875;20.727886;0.05428296;0.0;29.0;23.707695;3.1405904
469;-3608.0;2.0;1940.0;15.0;3.3704712;17.377146;6.5459003;20.465927;20.744816;41.31028;5.74711;4.9310117;3.2784137e-05;0.0;31.8;24.962828;18.550085
470;-3579.0;3.0;1940.0;15.0;38.142696;51.043697;44.573433;97.948204;89.78742;93.832436;34.400986;78.17372;42.73586;24.840073;133.2;86.0895;89.34909
471;-3548.0;4.0;1940.0;15.0;76.46765;103.81498;63.0315;62.836525;75.1437;88.32927;76.79725;149.87238;36.603714;18.552261;135.5;117.59808;98.45914
472;-3518.0;5.0;1940.0;15.0;147.62595;141.47017;133.09508;212.80295;206.78285;214.39633;140.88022;163.82217;127.59692;81.24199;188.4;185.06735;166.5763
473;-3487.0;6.0;1940.0;15.0;157.82535;106.182465;146.65453;277.02734;235.64842;365.5982;120.48732;234.0719;126.21859;121.18346;302.1;314.44443;156.94621
474;-3457.0;7.0;1940.0;15.0;180.95456;78.264305;163.31049;57.08367;83.0555;80.09781;195.88205;69.78803;182.756;220.85956;52.7;81.26703;67.46945
475;-3426.0;8.0;1940.0;15.0;267.06418;99.24318;206.60754;45.090157;60.864223;41.68011;202.97723;38.217037;240.17068;276.18506;37.0;42.838654;79.896126
476;-3395.0;9.0;1940.0;15.0;266.96365;235.24788;201.96382;92.40391;138.19598;104.6101;232.8563;222.85774;180.75038;148.34482;116.1;138.2985;203.817
477;-3365.0;10.0;1940.0;15.0;160.65202;138.2187;127.84867;109.922615;124.71917;152.06303;159.83984;143.10704;109.22283;84.09183;180.9;170.74165;136.7668
478;-3334.0;11.0;1940.0;15.0;23.786928;44.547817;20.69606;88.02396;71.08982;47.01356;23.309277;33.435375;2.9193602;0.7565997;78.8;46.010323;31.989351
479;-3304.0;12.0;1940.0;15.0;0.0028358477;1.0636282;0.50414366;1.01514;3.7347372;2.5975952;0.00028940328;0.08189171;0.0;0.0;8.6;6.040472;2.9719155
480;-3273.0;1.0;1941.0;15.0;0.095643274;7.9157214;3.724922;21.42407;20.987978;13.4305105;2.843984;8.607025;0.00011146606;0.0;19.1;17.469717;20.19202
481;-3242.0;2.0;1941.0;15.0;0.050455436;1.3679411;1.0700883;14.171612;2.9911418;10.62945;0.13302408;3.4094396;0.0;0.0;22.4;16.150858;0.95328057
482;-3214.0;3.0;1941.0;15.0;53.076904;112.2049;49.755417;66.50669;46.38631;124.38206;73.63612;100.38892;15.848034;4.0137744;185.1;95.20789;89.10867
483;-3183.0;4.0;1941.0;15.0;75.42542;85.502785;70.685036;106.62519;98.50148;97.34293;74.60839;114.98746;48.864693;51.51948;108.8;119.65696;102.75063
484;-3153.0;5.0;1941.0;15.0;201.84819;228.52364;180.78232;143.6398;171.58218;202.35696;238.49805;208.0643;146.04141;126.95683;176.9;231.17511;209.57277
485;-3122.0;6.0;1941.0;15.0;123.09036;93.83373;124.20065;138.2172;192.98259;167.63475;110.13609;157.37366;143.06293;106.90714;131.8;178.32747;157.7477
486;-3092.0;7.0;1941.0;15.0;233.21918;171.16832;193.4744;100.82755;131.77023;113.60634;224.32254;141.79013;225.4457;171.38068;107.5;131.68211;128.23157
487;-3061.0;8.0;1941.0;15.0;239.95512;130.83636;230.02328;30.011246;37.439304;31.808424;317.29922;84.03503;310.1783;284.60132;59.8;55.057266;75.90953
488;-3030.0;9.0;1941.0;15.0;197.65775;172.6333;174.7524;193.8743;175.32796;266.65454;186.44785;207.60435;188.27953;124.53337;232.5;231.43134;146.48659
489;-3000.0;10.0;1941.0;15.0;22.202225;59.542297;36.875137;81.29669;100.37115;126.38171;21.92874;99.53394;27.801315;11.915737;264.8;141.72168;78.90259
490;-2969.0;11.0;1941.0;15.0;18.121368;51.714195;20.97966;37.81648;22.765594;41.72011;22.678577;73.56874;13.002751;0.9661924;75.4;64.78361;18.850302
491;-2939.0;12.0;1941.0;15.0;0.74021333;6.0264997;3.6768632;17.272068;21.055874;7.9830956;5.8629994;3.1747258;2.3180835;0.1115383;3.4;7.564214;15.349545
492;-2908.0;1.0;1942.0;15.0;0.50359994;11.840296;4.314489;19.691216;11.925902;44.353973;1.0435629;12.4507675;0.005745628;0.0;133.1;26.182238;5.16688
493;-2877.0;2.0;1942.0;15.0;9.041854;25.189886;14.013653;33.49984;41.436058;27.361443;21.32216;18.644423;6.392934;2.2845755;16.9;23.617754;51.175198
494;-2849.0;3.0;1942.0;15.0;9.978705;28.24278;18.660843;68.77671;53.96498;74.62796;16.302752;68.79523;3.8975275;0.6005128;121.1;94.40821;75.60484
495;-2818.0;4.0;1942.0;15.0;50.580906;63.408913;54.58298;118.60011;100.26804;118.5051;46.00519;80.74448;56.77685;30.596422;127.2;108.418175;72.06656
496;-2788.0;5.0;1942.0;15.0;145.46465;200.90121;146.4862;282.96173;255.41338;340.59937;134.92657;303.25238;94.57301;76.68692;317.1;347.90405;231.4751
497;-2757.0;6.0;1942.0;15.0;128.93054;107.88435;108.339294;139.39886;76.217255;142.221;116.43897;104.86939;106.8695;89.6168;325.7;129.34993;70.993126
498;-2727.0;7.0;1942.0;15.0;116.94684;74.18231;96.50972;10.531899;26.158533;17.554745;152.91374;23.895779;82.43458;121.61622;21.9;29.417986;34.020233
499;-2696.0;8.0;1942.0;15.0;222.33617;49.29255;181.70163;5.5638027;9.396794;3.4700913;220.0224;9.895682;251.83633;253.35847;5.0;5.7590017;7.8005443
500;-2665.0;9.0;1942.0;15.0;186.32504;165.37903;159.42798;106.40814;119.7494;165.82397;222.68481;194.36572;162.02138;104.66823;127.8;162.19604;153.01462
501;-2635.0;10.0;1942.0;15.0;95.8681;133.83655;88.82525;180.3239;162.03122;149.47404;91.11096;166.22527;60.64846;38.974266;183.5;159.65297;126.49734
502;-2604.0;11.0;1942.0;15.0;0.0;12.292883;6.0645685;47.85955;37.584663;38.239754;0.08748107;21.625893;0.0026360536;0.0;53.0;42.05351;21.010784
503;-2574.0;12.0;1942.0;15.0;0.2838104;3.0606804;3.0093505;15.27711;25.231823;20.269955;2.7494276;2.2715833;0.14549099;0.0;47.2;30.9546;12.193079
504;-2543.0;1.0;1943.0;15.0;0.016323043;3.3040824;5.606875;28.903399;25.42866;44.947903;0.009598214;31.334118;0.0;0.0;31.9;52.032955;34.863434
505;-2512.0;2.0;1943.0;15.0;0.7460073;10.691738;5.766371;24.219885;17.938015;15.57756;1.0915103;29.050566;0.85056674;0.05142823;22.7;24.677923;39.62197
506;-2484.0;3.0;1943.0;15.0;48.726013;78.347595;42.429707;49.02445;82.28136;50.32942;74.807846;60.846073;19.87956;5.176164;53.4;57.58739;83.59921
507;-2453.0;4.0;1943.0;15.0;57.71691;91.63847;66.05628;140.28055;130.49094;158.92744;75.2302;164.35652;45.664238;24.044123;169.2;178.33658;115.22245
508;-2423.0;5.0;1943.0;15.0;188.96573;172.51573;147.76334;209.80154;196.9802;163.81725;144.20636;189.7097;111.90363;106.37791;181.0;213.25667;139.73775
509;-2392.0;6.0;1943.0;15.0;131.20471;129.68861;135.23805;206.51971;165.9635;253.87767;130.39468;217.60919;110.14598;127.86913;234.7;263.587;126.81897
510;-2362.0;7.0;1943.0;15.0;110.614365;73.53324;114.07041;64.01344;28.617453;66.52753;137.21048;95.01355;115.1397;162.44386;59.4;86.102234;46.231968
511;-2331.0;8.0;1943.0;15.0;184.37596;62.054993;190.44873;27.56453;62.579296;21.838505;238.21742;30.493198;266.33414;282.27988;31.2;40.13957;49.3293
512;-2300.0;9.0;1943.0;15.0;203.15585;169.3628;198.37071;119.1605;135.96475;63.567295;255.98714;98.78285;260.81497;202.12837;42.4;89.99987;87.60109
513;-2270.0;10.0;1943.0;15.0;91.71069;113.82273;91.791985;136.50925;132.22635;167.50734;112.800804;113.44874;64.463425;64.03021;203.9;178.26688;124.15586
514;-2239.0;11.0;1943.0;15.0;10.810511;26.340897;18.497087;68.38222;59.794193;109.975006;20.16232;40.67366;6.629421;0.61735415;148.7;80.51349;50.883976
515;-2209.0;12.0;1943.0;15.0;0.3991349;15.624235;6.33491;31.527096;39.849808;19.417189;3.0121782;17.305208;0.4568304;0.009365773;21.1;27.089624;29.820442
516;-2178.0;1.0;1944.0;15.0;0.45785275;24.964499;7.4255376;16.370121;22.004967;29.414488;1.1046834;33.50515;0.0;0.0;38.7;32.759705;29.704082
517;-2147.0;2.0;1944.0;15.0;3.7165346;31.669153;8.653628;24.85669;17.702393;23.109735;9.286306;18.6232;0.0080524115;0.0;42.2;27.184618;18.78545
518;-2118.0;3.0;1944.0;15.0;55.823284;70.32797;49.871937;108.377846;111.70535;131.97235;54.60631;125.42597;29.225859;6.6760955;168.8;133.91518;91.418076
519;-2087.0;4.0;1944.0;15.0;93.033875;91.96627;81.56014;48.693058;69.462654;79.847664;101.665016;97.06615;78.13734;55.484173;89.9;90.28041;104.89828
520;-2057.0;5.0;1944.0;15.0;52.217785;111.583565;70.39605;160.42345;156.47665;138.83122;58.468555;122.32786;56.852;38.80544;152.9;125.71712;133.18063
521;-2026.0;6.0;1944.0;15.0;175.24776;122.49656;150.89038;180.26006;145.56573;184.88416;158.77388;123.48495;155.96347;143.21075;231.4;174.02448;91.90259
522;-1996.0;7.0;1944.0;15.0;167.08781;110.65719;160.23978;126.31829;132.91277;84.60787;152.51498;159.63983;173.75668;197.1308;111.6;130.18367;112.139656
523;-1965.0;8.0;1944.0;15.0;252.03488;214.78616;223.90546;45.660885;88.45948;28.173212;259.42963;114.7916;258.9515;247.76985;21.2;48.81351;120.27222
524;-1934.0;9.0;1944.0;15.0;235.33507;230.41869;189.88844;85.050316;111.39584;52.559658;216.56839;115.01718;173.4318;178.49628;78.4;84.99182;143.82756
525;-1904.0;10.0;1944.0;15.0;66.4902;111.40987;91.53338;129.70451;153.57207;90.87648;74.330345;116.6694;95.182434;80.92781;137.6;101.16984;179.69762
526;-1873.0;11.0;1944.0;15.0;0.7701142;4.596755;4.6892962;33.215626;24.005674;37.64972;1.5484892;18.678223;1.5376068;0.0;53.4;39.504704;12.193643
527;-1843.0;12.0;1944.0;15.0;2.6890576;4.0299196;2.5165868;6.245982;3.0924182;4.7066183;9.04472;3.6706064;0.30641812;0.009365773;9.4;5.370823;1.1579479
528;-1812.0;1.0;1945.0;15.0;0.15032886;2.5489905;1.7615266;15.860862;9.052212;9.826608;2.3684723;2.9778728;0.0;0.0;21.9;5.5596185;8.007402
529;-1781.0;2.0;1945.0;15.0;0.14029475;6.1244445;3.9589667;32.308052;16.200378;51.99268;0.074711986;8.660108;0.0;0.0;34.8;33.569824;7.5957193
530;-1753.0;3.0;1945.0;15.0;0.35020533;12.962223;7.397451;49.118908;52.190643;50.057976;0.2651242;21.969307;0.02951727;0.0;142.4;54.353348;28.109047
531;-1722.0;4.0;1945.0;15.0;50.622364;82.370415;52.1121;121.29788;143.27925;102.29505;72.24088;96.055885;24.058117;11.075164;104.9;119.56052;116.60101
532;-1692.0;5.0;1945.0;15.0;89.42113;56.21918;79.82577;77.67261;64.6479;79.23649;125.441826;99.59188;72.294365;71.73333;103.0;98.26873;62.575474
533;-1661.0;6.0;1945.0;15.0;187.03357;150.17694;144.10716;140.74658;139.92735;138.66592;171.06218;145.5707;121.53926;106.27005;145.9;139.74014;144.95782
534;-1631.0;7.0;1945.0;15.0;149.45084;165.43463;169.91878;76.45681;97.525475;138.42531;253.30885;175.14658;206.15027;157.63782;197.0;171.9606;104.44529
535;-1600.0;8.0;1945.0;15.0;208.5408;104.27491;214.01787;20.384134;36.080616;14.95582;227.23044;40.076504;245.09009;364.75845;20.1;31.645372;39.151257
536;-1569.0;9.0;1945.0;15.0;246.19595;187.19157;207.8537;115.98666;134.85129;100.49311;285.70963;106.91922;235.73763;183.62737;116.6;108.35558;135.19992
537;-1539.0;10.0;1945.0;15.0;87.770035;170.04219;107.746445;161.44041;189.46796;184.25565;118.346634;186.70673;70.89122;76.31984;169.5;197.77655;149.50418
538;-1508.0;11.0;1945.0;15.0;0.19769977;4.6677647;7.5278707;57.595413;42.609467;49.72845;0.1118901;22.72252;0.0026229399;0.0;101.7;46.591297;59.212765
539;-1478.0;12.0;1945.0;15.0;0.0;0.9219687;0.94322073;6.4087358;3.8538704;5.296941;0.0;1.4585192;0.0;0.0;12.9;8.526423;8.332037
540;-1447.0;1.0;1946.0;15.0;0.04515625;2.0310698;1.0003483;4.56813;3.5272233;9.036171;0.28788403;0.972522;0.0001442502;0.0;29.7;14.807697;2.7315784
541;-1416.0;2.0;1946.0;15.0;1.07526;12.210611;7.83735;64.69954;50.24163;32.64893;5.280485;44.36277;0.0;0.0;61.0;35.921185;23.849339
542;-1388.0;3.0;1946.0;15.0;14.074845;56.774788;28.593803;84.509186;83.140205;86.3939;45.245987;68.214615;9.5389385;5.1290927;107.4;76.09301;70.48095
543;-1357.0;4.0;1946.0;15.0;22.498507;69.542564;39.69435;112.45549;98.83308;142.80005;26.388546;102.330826;16.340025;4.77568;128.8;113.422104;174.48859
544;-1327.0;5.0;1946.0;15.0;79.03375;113.26194;89.923775;161.54732;126.34035;150.77808;65.142746;162.09421;89.0599;64.68081;184.2;164.31659;125.041016
545;-1296.0;6.0;1946.0;15.0;141.61473;133.95476;132.42848;98.11659;94.841225;107.40536;167.7928;108.82287;127.42664;133.76741;222.2;138.09933;76.245255
546;-1266.0;7.0;1946.0;15.0;119.1741;62.50552;119.71116;22.254559;48.27867;33.795853;172.92416;18.72663;144.8374;161.25194;97.7;17.082628;58.564568
547;-1235.0;8.0;1946.0;15.0;151.23665;59.9856;136.55157;4.987826;11.716086;2.7778316;139.41512;13.527855;129.61237;245.15001;5.1;3.4977796;30.972727
548;-1204.0;9.0;1946.0;15.0;193.89447;128.01006;211.9477;74.006004;84.60057;89.62365;216.81688;62.652668;292.82962;289.161;72.7;61.49482;112.395004
549;-1174.0;10.0;1946.0;15.0;200.61533;181.30424;160.21016;162.03839;166.43881;169.42924;171.76567;154.75517;153.13484;109.01003;170.0;161.17902;158.67128
550;-1143.0;11.0;1946.0;15.0;2.4401674;24.167273;13.199804;73.646835;84.91202;50.28314;13.912192;40.281624;0.7467414;0.064714804;46.4;49.585873;51.44789
551;-1113.0;12.0;1946.0;15.0;0.24380428;1.2347115;2.8058813;17.086699;24.086227;14.053076;0.8306735;11.389579;0.013029461;0.0;29.8;18.771776;18.816664
552;-1082.0;1.0;1947.0;15.0;0.0002540744;0.05005371;0.9448507;2.1027393;9.85132;6.823317;0.17116618;0.50396055;0.0;0.0;9.1;3.1989486;9.952152
553;-1051.0;2.0;1947.0;15.0;25.434143;51.907578;23.907629;49.263954;47.40852;35.800537;42.136158;63.699493;4.4084864;0.85508126;44.6;43.94702;40.816875
554;-1023.0;3.0;1947.0;15.0;6.2025647;62.991184;23.417553;101.197845;111.97606;79.8312;25.587683;50.218296;1.0067743;0.15104975;89.1;81.84467;73.66181
555;-992.0;4.0;1947.0;15.0;94.62078;74.9048;68.02622;56.9303;73.60422;85.8089;90.34573;82.43275;55.438026;29.859348;124.4;97.26218;87.03278
556;-962.0;5.0;1947.0;15.0;123.45757;177.18913;98.202805;168.89572;148.85236;140.78128;102.19679;136.61383;52.767826;30.303642;197.0;146.24925;167.12724
557;-931.0;6.0;1947.0;15.0;211.4831;146.6893;165.85123;136.29695;132.45155;141.97276;203.5024;139.9171;157.81395;138.03639;166.6;149.25397;143.34998
558;-901.0;7.0;1947.0;15.0;177.04932;171.31773;165.81848;162.28171;134.94997;203.95477;160.44363;136.2948;166.01938;161.7082;341.2;173.81961;133.73477
559;-870.0;8.0;1947.0;15.0;356.2233;308.42795;304.6694;181.08936;217.09091;210.05098;358.57047;221.78108;310.04556;282.72974;165.3;201.19768;227.06029
560;-839.0;9.0;1947.0;15.0;293.66187;286.04993;267.90103;195.59782;184.47672;206.56711;289.7075;208.89398;275.598;261.72525;276.6;191.70473;197.88028
561;-809.0;10.0;1947.0;15.0;76.60298;125.279594;74.23631;115.75532;112.05885;178.68073;108.018196;129.82318;36.000816;26.050291;200.8;152.45598;101.963585
562;-778.0;11.0;1947.0;15.0;22.041775;33.44115;18.034212;65.66774;44.23496;37.356335;16.410421;25.195538;9.648758;2.2427967;69.0;45.24737;22.762573
563;-748.0;12.0;1947.0;15.0;1.4446754;18.978758;6.20452;16.110235;13.854898;23.24355;8.771385;17.063547;0.0;0.0;33.6;22.228857;18.38668
564;-717.0;1.0;1948.0;15.0;0.0;0.0030107938;0.51040053;0.029474948;5.660754;1.6335593;0.0;4.1136103;0.0;0.0;0.0;5.9059653;3.5868804
565;-686.0;2.0;1948.0;15.0;4.591023;45.81527;12.11546;2.748461;6.488462;24.003242;19.163998;33.847725;2.0880888;0.08420844;26.4;43.95382;21.01386
566;-657.0;3.0;1948.0;15.0;38.843422;51.61648;37.01012;79.94413;87.73318;67.889786;58.58896;36.86279;17.459087;11.920882;96.6;50.977413;89.210075
567;-626.0;4.0;1948.0;15.0;131.16977;156.79488;106.79894;125.18473;128.66812;121.29918;116.44312;126.981766;89.54827;55.59393;147.4;102.75198;121.00867
568;-596.0;5.0;1948.0;15.0;69.46096;101.75691;97.64586;276.77094;237.24591;235.52655;86.170135;193.40521;102.2865;49.99022;263.9;237.13403;176.66827
569;-565.0;6.0;1948.0;15.0;201.37575;125.8479;172.06952;159.86758;123.20811;164.68909;191.00435;88.25929;214.12598;161.77507;177.4;160.76636;81.42148
570;-535.0;7.0;1948.0;15.0;210.88432;64.787575;161.92883;21.93785;21.713186;17.79624;183.3719;26.817997;217.63681;202.85934;49.3;17.548704;21.790539
571;-504.0;8.0;1948.0;15.0;207.98715;140.3275;198.39258;27.100042;51.330685;43.733547;244.26248;42.565998;274.33087;237.08177;25.5;39.614944;64.11006
572;-473.0;9.0;1948.0;15.0;235.54004;113.83761;171.65675;35.761894;49.725803;57.103596;178.45049;78.2077;239.58104;155.0899;58.4;52.784824;64.24825
573;-443.0;10.0;1948.0;15.0;42.055614;48.92749;45.050346;123.79396;121.90109;150.4468;37.256836;76.79008;20.212992;23.255262;125.5;129.33226;111.35616
574;-412.0;11.0;1948.0;15.0;1.9882787;22.712997;16.681726;74.27972;80.741844;98.1297;10.386798;57.933453;7.4403167;0.13776661;112.6;67.21502;72.91596
575;-382.0;12.0;1948.0;15.0;0.0;0.109367765;0.36129615;3.4853141;0.124497876;6.257542;0.0;0.008404773;0.0;0.0;20.5;10.0267725;0.12533517
576;-351.0;1.0;1949.0;15.0;0.0;1.541425;0.6514068;1.4106923;1.9384094;1.5555168;0.0;7.3538766;0.0;0.0;0.6;4.9022064;2.1522825
577;-320.0;2.0;1949.0;15.0;1.8112209;12.112537;5.731174;24.689056;23.301258;18.583923;2.402112;20.5697;0.2203984;0.5659263;33.8;16.36022;29.502144
578;-292.0;3.0;1949.0;15.0;38.74075;56.90177;38.08278;85.76647;80.48216;87.39406;75.16619;48.629906;11.958834;13.030758;94.6;79.47496;55.762627
579;-261.0;4.0;1949.0;15.0;44.911663;88.84815;58.449394;79.48401;90.88166;79.48434;45.63526;99.40489;73.33483;24.374514;71.5;88.0242;117.116936
580;-231.0;5.0;1949.0;15.0;95.38695;188.77393;110.60923;134.39851;151.61609;241.50925;107.75531;173.43753;81.81578;59.593277;167.4;179.939;193.17906
581;-200.0;6.0;1949.0;15.0;163.75986;169.38943;155.43143;205.48042;180.63248;168.51369;190.56255;147.3378;156.62599;115.167915;264.7;170.828;167.01553
582;-170.0;7.0;1949.0;15.0;231.7305;241.69534;206.7239;189.51752;196.82198;149.04338;195.90993;226.72916;174.0657;189.04819;170.2;164.06628;272.70966
583;-139.0;8.0;1949.0;15.0;369.14136;243.35466;286.1296;132.6604;179.36685;70.93537;379.22348;131.45369;301.94556;276.67084;56.8;78.466385;151.6475
584;-108.0;9.0;1949.0;15.0;211.81427;236.04758;189.23578;102.00228;150.39853;155.05673;257.27728;271.85336;181.57887;120.561005;190.4;204.53708;195.66566
585;-78.0;10.0;1949.0;15.0;91.32732;163.33284;98.27258;179.13655;183.27505;144.7238;176.1994;181.02817;62.103542;19.498709;144.1;142.5028;181.82959
586;-47.0;11.0;1949.0;15.0;19.56922;31.480713;21.945993;60.196266;48.743607;54.307743;32.63536;56.011005;14.835821;1.8787653;71.9;58.30117;41.505264
587;-17.0;12.0;1949.0;15.0;0.0;0.26575917;0.7543407;17.558378;11.838383;3.5517514;0.0;2.6818297;0.0;0.0;8.5;2.7647254;0.43429434
588;14.0;1.0;1950.0;15.0;4.187635;13.912078;5.2626133;5.2605314;10.143046;23.749256;2.5440538;16.785536;0.16918018;0.0;15.6;28.00893;13.567668
589;45.0;2.0;1950.0;15.0;1.3167849;5.8794813;6.5876594;55.665718;47.433567;66.62053;0.40305588;15.774145;0.50522065;0.16829647;32.8;42.1215;19.89386
590;73.0;3.0;1950.0;15.0;1.9215806;22.217133;11.315078;56.711548;44.071804;67.09441;5.5044646;63.83297;0.0;0.0;47.1;84.725174;29.432154
591;104.0;4.0;1950.0;15.0;46.632507;132.05612;60.823536;108.53861;118.72109;128.32648;61.16667;124.660515;36.48509;14.516333;176.4;146.12561;125.35227
592;134.0;5.0;1950.0;15.0;129.21678;192.47165;121.99369;206.15506;207.96754;154.6449;145.60884;151.57195;108.99013;46.674015;122.1;170.91971;162.05229
593;165.0;6.0;1950.0;15.0;111.467026;180.14444;140.15967;197.02368;184.82976;265.9106;132.32204;251.02013;117.92828;108.08459;335.7;230.65381;237.42531
594;195.0;7.0;1950.0;15.0;230.23694;169.85477;180.28355;80.82427;74.4765;112.43996;187.20235;153.35614;171.36838;191.37901;95.9;131.84666;73.09394
595;226.0;8.0;1950.0;15.0;224.2704;82.519844;189.13182;21.852516;23.605967;20.063768;139.22197;43.50305;240.7364;296.407;28.8;19.670965;21.156523
596;257.0;9.0;1950.0;15.0;152.83035;105.8492;148.01419;34.57054;54.279926;40.098564;163.17007;63.774734;192.35066;184.64383;34.7;41.437027;66.89505
597;287.0;10.0;1950.0;15.0;83.055626;90.67385;79.627975;150.5509;153.71014;106.322296;67.74915;85.42935;65.301735;64.871056;173.3;104.70039;106.07923
598;318.0;11.0;1950.0;15.0;0.56757504;11.759523;6.817861;52.867184;33.216892;37.62428;2.057645;35.905807;0.37526676;0.0;52.1;52.750225;20.012976
599;348.0;12.0;1950.0;15.0;7.0365396;7.7964745;6.0606823;4.00256;5.6026387;10.114532;14.699805;5.140607;5.576166;0.47331142;20.6;17.136963;4.6636863
600;379.0;1.0;1951.0;15.0;2.190401;5.595886;3.2397952;6.706899;9.312679;32.789318;0.47463083;12.40385;0.06146444;0.0;66.8;18.795238;5.4397097
601;410.0;2.0;1951.0;15.0;1.6476054;16.994362;6.4346213;37.582966;32.281258;20.118044;8.336598;18.00406;0.0;0.0;28.6;27.655937;13.276916
602;438.0;3.0;1951.0;15.0;65.96484;87.662704;63.80449;70.1777;89.40881;97.667015;66.74295;66.74868;61.606003;32.20742;87.9;97.03889;106.746864
603;469.0;4.0;1951.0;15.0;62.533024;90.981606;52.470028;67.34917;70.16952;93.03224;72.46678;126.81019;31.74482;5.8769903;73.9;106.810356;77.6844
604;499.0;5.0;1951.0;15.0;192.50732;141.73373;148.51506;239.22475;198.57755;204.08817;148.66388;170.9583;124.56655;105.874275;232.8;205.73787;145.00502
605;530.0;6.0;1951.0;15.0;118.69929;115.362045;125.89581;131.81763;139.00371;233.07751;124.74991;121.180046;118.66474;129.06053;216.1;192.10565;119.49017
606;560.0;7.0;1951.0;15.0;240.15002;193.04144;212.88393;154.46326;135.6733;229.46451;231.67744;148.33241;219.46378;218.5697;183.0;208.78485;121.14155
607;591.0;8.0;1951.0;15.0;275.1501;168.56616;218.70749;45.522587;56.613663;48.67015;234.10895;121.895874;257.55664;245.9803;38.0;79.10568;73.66405
608;622.0;9.0;1951.0;15.0;238.33046;144.03284;232.50429;43.485332;65.241776;68.24684;255.01195;126.508804;345.27594;268.9968;161.3;104.978004;94.24072
609;652.0;10.0;1951.0;15.0;193.89612;203.95161;195.08496;203.34311;240.01312;236.89462;273.16742;237.50777;179.94122;147.42622;235.7;264.91403;222.6174
610;683.0;11.0;1951.0;15.0;19.43904;22.327627;15.272096;40.771976;27.868881;55.03725;16.852856;23.587852;11.762153;1.2148434;81.8;44.23571;6.7582054
611;713.0;12.0;1951.0;15.0;0.0;0.0;0.020505304;0.0;0.0;0.26530078;0.0;0.0008019427;0.0;0.0;0.9;1.1200055;0.0
612;744.0;1.0;1952.0;15.0;2.1652002;2.0526044;2.9401116;19.30667;25.624203;8.502225;2.1870356;7.378566;7.21251e-05;0.0;18.0;14.324124;12.669411
613;775.0;2.0;1952.0;15.0;0.1253415;7.7400236;9.875099;107.2978;90.55067;56.241478;0.73043513;48.484535;0.0;0.0;42.5;70.4057;38.12219
614;804.0;3.0;1952.0;15.0;34.59377;110.28192;47.414352;108.72625;117.82443;132.73317;42.56711;132.96494;9.028654;1.1382064;148.5;136.55847;160.28123
615;835.0;4.0;1952.0;15.0;65.27719;82.90546;56.525528;78.86191;67.87465;82.303535;64.51758;122.973625;33.417015;27.08507;71.4;114.68307;82.376045
616;865.0;5.0;1952.0;15.0;100.68239;91.75362;100.04628;129.35806;109.65316;174.04025;104.36176;122.81607;117.4182;68.90062;206.4;183.11496;105.8104
617;896.0;6.0;1952.0;15.0;154.08018;150.7707;151.16621;270.56033;222.9453;233.40956;122.645424;164.54974;148.57571;127.692894;289.7;236.83025;176.567
618;926.0;7.0;1952.0;15.0;223.94763;215.83644;190.10373;90.7081;106.396126;64.43992;268.47522;114.20016;174.9329;175.24399;98.5;87.69491;140.24394
619;957.0;8.0;1952.0;15.0;137.01768;64.50123;155.376;13.065754;13.996891;9.1399555;125.527954;8.306022;288.2629;221.34871;27.0;24.620378;13.855637
620;988.0;9.0;1952.0;15.0;239.39618;220.82224;251.4082;157.20605;204.7407;231.4946;292.37524;221.62285;308.87988;235.32094;165.2;222.86655;250.70712
621;1018.0;10.0;1952.0;15.0;101.55305;159.40158;100.90918;154.53374;190.12279;188.98354;113.00447;147.7869;66.65547;46.423527;160.3;192.4804;162.79886
622;1049.0;11.0;1952.0;15.0;0.4253527;14.213241;9.118859;57.076046;58.026333;83.73171;0.733516;32.728367;0.43725267;0.0;168.5;53.14833;28.205242
623;1079.0;12.0;1952.0;15.0;2.223435;17.004747;6.839874;36.52634;35.78672;11.779712;13.67274;11.128185;0.7888838;0.028097318;28.5;14.719497;16.054375
624;1110.0;1.0;1953.0;15.0;0.0;0.0;0.10454171;0.12986775;0.105169855;0.91456157;0.0;0.18636325;0.0;0.0;3.1;5.9674826;0.0011110122
625;1141.0;2.0;1953.0;15.0;27.205387;74.99045;32.09429;60.83478;78.50372;97.424736;28.367086;92.52526;4.4777107;1.7503856;56.9;106.81821;85.912025
626;1169.0;3.0;1953.0;15.0;32.64241;73.21393;33.91972;82.76626;75.37606;75.98939;50.43786;62.39316;6.7029433;7.376975;88.3;80.72848;52.41631
627;1200.0;4.0;1953.0;15.0;38.56413;54.137577;40.34809;80.42919;78.30617;83.26238;60.009315;61.655544;35.916622;11.481882;79.7;78.72363;55.809223
628;1230.0;5.0;1953.0;15.0;211.05032;183.70547;199.12935;205.81581;221.58823;163.33635;177.07057;196.3026;191.8838;211.9259;140.3;176.57826;208.23988
629;1261.0;6.0;1953.0;15.0;180.37108;202.65216;194.67105;249.135;231.26158;264.2117;238.04175;250.33685;192.55539;152.50119;250.2;300.5196;239.25406
630;1291.0;7.0;1953.0;15.0;293.92303;258.97836;259.59268;55.239983;84.504875;100.774925;271.04428;152.75815;267.61688;302.82288;89.2;122.76901;155.2033
631;1322.0;8.0;1953.0;15.0;170.29416;72.09381;150.65298;8.126778;10.819275;8.075432;151.9089;17.806278;240.1649;190.16687;17.2;16.719099;16.970901
632;1353.0;9.0;1953.0;15.0;326.92392;170.25226;247.35435;103.43227;103.253136;87.429695;259.717;122.9926;307.02762;247.67781;126.7;88.924225;118.47334
633;1383.0;10.0;1953.0;15.0;129.01302;149.10857;114.825806;191.93544;154.85394;197.14194;125.64462;190.77777;86.84958;59.406544;233.9;186.58987;163.6506
634;1414.0;11.0;1953.0;15.0;2.0645332;32.919273;13.789044;47.954704;53.195995;33.25444;12.054626;38.28443;10.874439;0.5520757;36.4;32.294296;42.244175
635;1444.0;12.0;1953.0;15.0;0.52802235;1.6929297;1.7222936;3.5086484;13.224788;11.677677;1.2230756;2.5890403;0.018242557;0.0;34.5;8.607042;9.972751
636;1475.0;1.0;1954.0;15.0;1.352937;13.665522;4.0485516;5.935324;13.569631;19.980366;2.4825041;5.676952;0.0;0.0;28.5;15.667142;12.667872
637;1506.0;2.0;1954.0;15.0;4.524924;12.096963;13.108413;62.786053;76.52076;53.483234;14.842795;23.702154;6.1519957;3.6229076;42.1;51.80703;45.4009
638;1534.0;3.0;1954.0;15.0;39.242893;82.171715;45.798893;106.51024;103.27193;170.36937;46.187035;114.72604;20.558125;3.5691981;206.0;152.45786;103.48077
639;1565.0;4.0;1954.0;15.0;63.152782;79.54883;74.83437;166.7191;147.67342;121.321785;118.50311;150.70563;72.75486;27.043585;112.7;128.96088;129.03041
640;1595.0;5.0;1954.0;15.0;144.1586;126.103264;120.53749;132.02057;105.26951;153.21745;117.65635;173.93544;81.076584;113.67667;222.7;164.28824;124.93583
641;1626.0;6.0;1954.0;15.0;140.05847;175.63135;170.12245;305.90448;269.1919;260.44043;211.07309;271.9196;154.41005;125.82816;271.5;314.18958;265.30362
642;1656.0;7.0;1954.0;15.0;127.134285;64.829834;110.077736;12.561112;21.983063;13.775319;116.69099;15.971084;117.68218;166.26915;28.1;16.435055;29.313402
643;1687.0;8.0;1954.0;15.0;233.67499;79.071686;200.27643;23.281572;52.592155;20.861887;187.03688;44.16156;220.06963;325.79385;14.9;30.033573;45.69916
644;1718.0;9.0;1954.0;15.0;232.79625;180.67459;208.12209;75.48381;77.44115;97.737656;248.79573;125.46449;239.10133;221.87871;134.1;107.95717;125.46302
645;1748.0;10.0;1954.0;15.0;128.92497;254.39226;138.52682;225.17336;247.51747;182.00555;152.0854;208.44576;121.766525;42.514984;259.1;186.39737;237.04694
646;1779.0;11.0;1954.0;15.0;11.791148;20.416794;16.995195;70.64143;40.220898;58.23395;7.8302774;55.369263;17.00607;3.492901;95.4;77.50173;29.820457
647;1809.0;12.0;1954.0;15.0;0.89222324;8.806859;3.7387538;21.393307;26.323067;12.509279;5.745959;7.470844;0.0;0.0;17.7;10.399917;8.411222
648;1840.0;1.0;1955.0;15.0;5.218722;14.659756;7.919728;33.03823;24.010532;49.983227;3.2623124;34.263996;0.15567829;0.0;116.1;43.76149;17.546854
649;1871.0;2.0;1955.0;15.0;0.90320075;16.836504;5.8254967;7.707026;10.155286;43.44447;0.7505106;16.13596;3.9948385;0.16390103;40.5;30.965122;9.170632
650;1899.0;3.0;1955.0;15.0;45.141018;83.853935;47.856213;131.79643;141.56055;117.73528;34.335423;108.391266;16.846464;14.542289;94.7;127.94869;115.18505
651;1930.0;4.0;1955.0;15.0;77.36271;107.30556;73.15254;105.759056;118.34031;142.67346;57.513783;150.95476;49.21468;36.514664;91.5;145.40149;134.56158
652;1960.0;5.0;1955.0;15.0;162.31438;144.93965;127.88466;182.38045;163.98134;201.4829;118.16462;193.88954;101.42047;71.50392;165.4;183.8676;189.31873
653;1991.0;6.0;1955.0;15.0;183.18906;234.98796;185.92908;193.51917;198.87656;262.49475;232.95088;206.9112;157.41711;142.06586;247.6;275.9341;213.62262
654;2021.0;7.0;1955.0;15.0;334.84857;261.66632;284.2611;80.0893;108.00661;91.73309;368.51715;152.18141;279.02054;318.0372;67.0;114.16995;151.37617
655;2052.0;8.0;1955.0;15.0;198.67284;119.4205;184.70235;22.014553;54.935028;37.12543;238.60315;43.069775;254.18025;214.85483;57.4;40.659706;72.74543
656;2083.0;9.0;1955.0;15.0;227.89497;158.32178;217.86935;128.4166;148.6896;175.25992;336.62402;138.608;197.8002;248.61256;180.7;137.45105;159.84564
657;2113.0;10.0;1955.0;15.0;126.427216;130.99533;123.33193;259.13873;207.90256;227.73495;114.63602;184.15117;111.37102;81.021645;334.6;205.9045;164.2222
658;2144.0;11.0;1955.0;15.0;0.117689185;0.9240088;2.9270926;16.86051;11.718443;38.596405;0.17235476;15.818676;0.06979572;0.014816116;53.3;40.769104;6.8041286
659;2174.0;12.0;1955.0;15.0;7.432908;6.973242;3.5066736;6.139692;1.646708;7.6860304;2.7667162;1.7694538;0.0;0.0;23.3;14.540477;3.4429765
660;2205.0;1.0;1956.0;15.0;0.16662443;2.2690086;1.5302783;2.7963128;0.7935022;7.0795064;0.87074494;12.4403;0.0;0.0;9.0;7.1507163;10.131727
661;2236.0;2.0;1956.0;15.0;22.211744;19.79654;19.492247;40.95137;20.592909;51.89608;36.09938;28.942558;18.88382;2.4556832;38.0;58.1437;16.981075
662;2265.0;3.0;1956.0;15.0;35.61903;88.2871;52.891697;141.75264;145.54517;187.62029;61.092663;133.88036;22.008896;10.940027;193.6;173.94888;129.35204
663;2296.0;4.0;1956.0;15.0;29.151203;63.631264;45.32044;62.14672;58.318134;117.60268;43.964615;88.51218;48.063652;19.619326;104.6;127.5101;96.87613
664;2326.0;5.0;1956.0;15.0;71.08258;93.71676;94.61143;179.70778;178.61543;121.8513;75.27499;158.36887;104.645454;78.1711;132.5;131.27142;168.27704
665;2357.0;6.0;1956.0;15.0;155.80746;114.63378;151.18436;172.3821;162.02141;182.94788;169.06572;154.04805;161.88264;140.27965;270.4;169.07596;165.39555
666;2387.0;7.0;1956.0;15.0;136.1036;62.29301;147.75792;67.304756;59.461784;31.460644;175.77463;45.77108;183.82378;231.85191;44.2;48.589092;32.918957
667;2418.0;8.0;1956.0;15.0;177.18294;81.36812;172.21777;8.07276;7.611589;5.5682364;160.41817;5.9126387;243.92233;269.75067;17.2;7.395754;10.328094
668;2449.0;9.0;1956.0;15.0;256.6524;171.89526;202.84929;69.977554;92.88223;69.672554;222.81824;145.74232;226.15189;205.29608;100.0;97.2821;104.83894
669;2479.0;10.0;1956.0;15.0;59.771713;90.869606;80.27397;179.91222;165.33412;193.59709;52.815346;159.1224;64.33082;60.11213;160.7;173.05429;167.25894
670;2510.0;11.0;1956.0;15.0;9.539657;42.158077;18.034927;81.80005;89.98278;55.45636;11.348852;40.321747;5.0547633;0.4306826;86.3;53.278942;50.990894
671;2540.0;12.0;1956.0;15.0;10.216501;33.116947;15.096827;29.785315;33.02243;32.32172;8.170073;43.77658;9.996802;4.3062897;46.0;51.63413;29.577183
672;2571.0;1.0;1957.0;15.0;0.103344426;0.16935825;1.9131896;6.0137644;1.4494115;28.927366;0.0;16.945093;0.0;0.0;47.3;33.4039;2.3266118
673;2602.0;2.0;1957.0;15.0;0.8320159;2.060918;2.232779;8.348304;5.57758;20.415981;0.39067852;10.984674;0.0;0.0;26.5;28.868824;7.1917434
674;2630.0;3.0;1957.0;15.0;55.68465;106.958755;60.00238;133.7869;146.16118;106.11205;90.81472;128.1569;9.8845415;22.591509;71.8;104.54915;135.08034
675;2661.0;4.0;1957.0;15.0;83.631325;87.46333;81.18838;137.59502;132.46606;148.25717;123.708015;113.16141;71.22662;31.859833;142.6;145.02069;135.54633
676;2691.0;5.0;1957.0;15.0;185.13603;208.3388;180.47559;211.41933;253.875;215.29538;157.92294;248.30824;180.18762;126.34271;192.5;248.36043;281.10358
677;2722.0;6.0;1957.0;15.0;182.93997;162.03993;167.69467;159.27112;166.32571;186.75594;186.9582;187.53635;159.64204;145.62688;206.1;206.82164;180.09853
678;2752.0;7.0;1957.0;15.0;158.43861;129.35698;173.51292;150.45554;124.455315;165.37839;194.98973;115.38119;194.10767;211.07523;276.1;155.65959;125.8111
679;2783.0;8.0;1957.0;15.0;293.4085;151.92099;271.19266;197.91586;229.29114;118.145035;257.3115;125.72193;369.30185;316.24564;123.2;110.704155;158.28873
680;2814.0;9.0;1957.0;15.0;319.09464;248.71516;259.4113;108.647125;96.311134;173.06279;362.97018;160.5855;300.32468;200.72153;216.9;169.60727;166.17766
681;2844.0;10.0;1957.0;15.0;127.86861;120.22624;121.1293;157.7634;148.15366;183.20885;157.87325;178.65474;113.49409;81.45471;209.8;184.07385;131.66788
682;2875.0;11.0;1957.0;15.0;13.31449;44.682236;27.774202;118.12514;99.41944;110.08884;25.898384;82.143715;14.060866;2.363781;138.5;98.4759;79.15141
683;2905.0;12.0;1957.0;15.0;9.079641;9.282284;10.043517;69.86046;60.39211;49.752148;7.8930526;27.720383;0.48887053;0.098340616;74.5;51.554142;22.314869
684;2936.0;1.0;1958.0;15.0;1.0617125;6.90716;5.3454337;10.11162;14.262448;53.61818;0.041865695;25.216982;0.0;0.0;74.8;43.40502;25.47014
685;2967.0;2.0;1958.0;15.0;1.5845371;4.148532;10.798466;31.696962;24.293095;100.27241;9.252691;46.963284;7.7521443;1.1108632;108.4;68.62384;36.225018
686;2995.0;3.0;1958.0;15.0;12.260004;41.58619;20.22218;52.46886;63.47139;76.32833;22.90145;52.224087;2.3573852;0.041295;62.9;79.187355;71.53751
687;3026.0;4.0;1958.0;15.0;80.96108;101.55526;79.25872;99.54416;84.040825;101.49465;67.32468;108.230705;79.609764;59.496994;146.8;105.291176;87.26436
688;3056.0;5.0;1958.0;15.0;88.213036;133.88448;103.910355;169.69023;144.2417;219.43008;94.724655;168.42447;92.30736;68.378426;243.7;241.05984;163.42862
689;3087.0;6.0;1958.0;15.0;151.24423;122.42182;143.6725;173.9868;150.74454;225.76083;135.56491;213.1891;115.84693;147.16724;250.5;267.95755;136.9154
690;3117.0;7.0;1958.0;15.0;60.00617;15.948811;64.303566;0.35897222;0.66616744;2.1651328;86.07181;0.55840325;80.99009;110.722145;2.9;1.2692348;11.848359
691;3148.0;8.0;1958.0;15.0;118.79916;38.944923;117.46624;5.59729;8.822778;6.472026;94.90665;20.07497;185.64674;182.52861;15.1;11.001844;8.664377
692;3179.0;9.0;1958.0;15.0;199.37195;120.19547;179.20894;72.90253;82.84761;80.02584;189.02509;120.007675;279.0346;168.42548;87.4;101.31704;68.50133
693;3209.0;10.0;1958.0;15.0;73.61355;101.4787;70.79048;150.32451;141.20789;158.7174;53.911682;122.71206;41.31822;41.797543;179.2;143.68816;112.08368
694;3240.0;11.0;1958.0;15.0;11.527701;32.02313;19.278156;51.532803;44.88063;35.771915;28.131855;53.41794;17.398926;1.1400285;65.4;54.84496;42.133602
695;3270.0;12.0;1958.0;15.0;2.6453497;10.4486;6.9188733;41.80741;34.685844;10.263414;13.408248;21.547693;3.4652548;0.24351509;26.3;26.084517;12.770741
696;3301.0;1.0;1959.0;15.0;2.0413876;32.950203;7.818151;34.29287;20.740078;10.693741;7.2207637;14.836794;0.00019670482;0.0;18.5;14.550222;18.321283
697;3332.0;2.0;1959.0;15.0;21.866224;25.533583;17.481844;32.604095;20.318596;60.44648;16.630972;36.28144;9.602316;1.8917956;79.2;50.78565;34.142124
698;3360.0;3.0;1959.0;15.0;25.040043;92.83666;46.41126;145.86041;107.34442;126.5308;64.97811;106.51995;20.140678;4.5292296;110.4;122.0052;142.42293
699;3391.0;4.0;1959.0;15.0;110.991264;123.58598;100.74516;166.49217;146.8924;170.35881;125.99198;102.591835;98.33308;47.180946;189.0;144.09775;119.91846
700;3421.0;5.0;1959.0;15.0;105.01216;142.54881;108.42299;206.56955;181.70251;255.72665;82.19426;143.95593;70.75499;79.01797;240.9;250.15775;176.26042
701;3452.0;6.0;1959.0;15.0;157.2131;103.11867;132.76273;205.87518;165.25858;211.56615;121.49352;194.67514;125.178185;103.02714;231.4;223.59557;149.57596
702;3482.0;7.0;1959.0;15.0;213.71532;194.82089;187.93727;110.657326;113.40403;148.576;191.75063;226.21964;193.04488;175.55127;221.8;160.97165;139.68042
703;3513.0;8.0;1959.0;15.0;251.18527;109.07867;240.78256;38.78095;54.993954;18.755808;216.52675;75.405815;327.2249;361.97473;15.2;45.54091;72.415665
704;3544.0;9.0;1959.0;15.0;308.78314;245.9287;250.9111;143.88054;153.64214;103.298744;344.02713;120.79557;268.52173;218.20506;86.9;123.83118;155.29106
705;3574.0;10.0;1959.0;15.0;33.397957;94.37095;58.97528;160.48999;165.98648;175.92091;41.950245;162.626;50.143143;9.093062;147.8;192.46738;165.51549
706;3605.0;11.0;1959.0;15.0;6.5935884;23.000492;17.581995;81.60219;61.78679;109.67618;15.451881;59.360172;3.6939566;0.0957762;79.1;93.556206;66.05823
707;3635.0;12.0;1959.0;15.0;0.0;2.083184;2.2185752;6.7244973;20.86936;11.931061;0.0;5.616086;0.0;0.0;20.2;17.19685;16.487373
708;3666.0;1.0;1960.0;15.0;3.806437;21.208344;7.973284;10.654817;4.7177296;37.36404;20.269596;24.670425;0.12178587;0.0;98.2;23.430342;7.1006446
709;3697.0;2.0;1960.0;15.0;0.0;1.0655899;3.933252;32.651497;22.35161;32.022568;0.0;21.513346;0.0;0.0;36.4;38.18159;21.430279
710;3726.0;3.0;1960.0;15.0;50.30205;71.16369;52.623093;78.50945;56.98586;80.61627;103.00264;90.024376;37.195282;21.307695;125.7;87.76536;69.5063
711;3757.0;4.0;1960.0;15.0;108.7248;144.98161;95.15126;170.1315;180.57149;187.03845;101.87826;163.93694;45.956795;37.679245;177.8;191.64874;180.332
712;3787.0;5.0;1960.0;15.0;111.992905;128.99516;115.97051;195.03557;156.33994;202.82788;153.74759;136.0535;106.74945;77.78304;131.0;186.41998;126.56488
713;3818.0;6.0;1960.0;15.0;217.01726;235.57187;198.83463;353.0466;283.26102;377.20157;240.1236;247.4805;149.82335;134.4278;376.4;295.46207;194.59904
714;3848.0;7.0;1960.0;15.0;234.31024;160.75618;205.38992;70.96866;101.085495;32.52181;284.2174;79.41281;238.43379;213.42717;38.3;46.828102;156.96252
715;3879.0;8.0;1960.0;15.0;243.79744;141.47786;182.49768;43.384056;51.079704;45.033726;163.79613;63.014774;215.18942;208.67268;59.3;53.680733;56.658066
716;3910.0;9.0;1960.0;15.0;291.60565;267.47217;257.75446;231.03662;292.0383;173.265;299.94058;194.59502;279.9643;213.56676;123.8;159.11897;216.05493
717;3940.0;10.0;1960.0;15.0;120.31743;99.7225;111.517395;234.68861;211.22353;221.11522;160.2637;176.23125;80.57088;50.688477;262.7;210.34552;214.37962
718;3971.0;11.0;1960.0;15.0;6.148315;31.300037;15.729724;122.45391;110.45971;43.217365;4.3859897;54.349564;3.625235;0.2183036;70.0;54.942974;43.900723
719;4001.0;12.0;1960.0;15.0;0.5061542;4.251212;7.4800143;44.34242;45.592323;26.69873;1.8545232;23.319983;9.4233465;1.8695892;30.5;33.42559;26.455654
720;4032.0;1.0;1961.0;15.0;2.0886621;13.158188;4.941557;17.069042;17.185232;20.01477;1.0791595;22.643774;0.0;0.0;16.4;21.104725;16.188677
721;4063.0;2.0;1961.0;15.0;0.0;0.2284164;0.83008295;1.2486922;1.2187837;1.8708127;0.0;2.9192054;0.0;0.0;5.2;4.423719;12.844614
722;4091.0;3.0;1961.0;15.0;16.74324;65.0513;34.081894;173.78354;146.29787;85.992165;13.128201;67.20765;32.71449;5.324932;124.9;101.90726;66.5856
723;4122.0;4.0;1961.0;15.0;99.50491;135.12253;90.30332;123.404655;163.25702;114.67888;105.37738;136.36159;76.59278;27.90741;162.7;139.73613;161.6929
724;4152.0;5.0;1961.0;15.0;80.39762;72.67767;86.105194;123.2698;110.86195;132.3725;73.32574;133.03368;111.55249;54.69534;192.4;121.95571;147.23877
725;4183.0;6.0;1961.0;15.0;178.6752;145.02287;183.87608;238.91371;171.08403;372.08987;220.45795;252.03769;209.018;125.31505;353.6;357.8466;226.58629
726;4213.0;7.0;1961.0;15.0;231.54105;186.10896;190.88852;70.95405;90.039055;78.54516;217.28569;102.3309;173.95525;213.23978;166.6;91.65418;130.16971
727;4244.0;8.0;1961.0;15.0;160.21762;73.001205;123.350624;1.9776176;9.076168;1.6816009;112.96143;16.558084;147.5982;170.79665;3.8;2.6886847;20.736486
728;4275.0;9.0;1961.0;15.0;224.013;166.18338;201.66342;144.90596;157.81306;104.26779;184.42545;128.01459;223.78471;233.23245;117.8;109.17588;139.32968
729;4305.0;10.0;1961.0;15.0;24.114882;77.2327;50.823826;212.92014;202.65195;167.38213;49.980923;200.46681;22.406412;1.1016084;151.3;194.17433;160.21315
730;4336.0;11.0;1961.0;15.0;1.2243125;12.267496;9.082189;85.71475;61.587807;60.32544;6.8571844;32.261715;0.0;0.0;92.2;52.951397;21.842508
731;4366.0;12.0;1961.0;15.0;0.0;0.64198756;0.9181854;14.949379;13.670639;2.8486125;0.0;0.25243038;0.0;0.0;9.0;13.481512;2.1138468
732;4397.0;1.0;1962.0;15.0;0.0;1.1484685;0.7366871;2.0152996;1.9218981;2.9862645;0.0;8.522677;0.0;0.0;4.3;5.758417;3.1296885
733;4428.0;2.0;1962.0;15.0;0.0;0.0;0.6349324;6.0643516;1.9037638;13.794499;0.0;0.5811921;0.0;0.0;45.8;7.8287454;0.4170585
734;4456.0;3.0;1962.0;15.0;22.337744;77.235146;38.336937;135.30923;123.56889;133.39995;40.43841;112.83913;14.801357;3.9146883;187.9;116.19052;83.34794
735;4487.0;4.0;1962.0;15.0;87.87305;121.54385;82.81858;71.35639;71.88522;114.439384;100.90822;142.90146;49.72032;56.85048;163.0;104.09616;125.17726
736;4517.0;5.0;1962.0;15.0;130.33296;179.97086;133.29855;265.99017;277.15253;224.99913;105.3091;241.58202;112.75866;68.489914;199.9;247.99666;231.35587
737;4548.0;6.0;1962.0;15.0;257.58023;254.06941;251.55959;368.55402;300.6664;483.16443;286.3217;418.00742;207.9346;172.44589;489.9;482.68326;358.4298
738;4578.0;7.0;1962.0;15.0;199.15913;183.30669;194.98228;130.4773;128.18246;166.46176;196.59407;211.88591;209.0415;201.54454;183.5;164.90254;178.80907
739;4609.0;8.0;1962.0;15.0;297.84677;245.08516;282.06934;145.0153;176.06966;120.69567;258.8995;179.9461;359.95462;311.9303;113.8;123.27833;182.32642
740;4640.0;9.0;1962.0;15.0;209.32066;157.42715;176.10835;30.72444;42.841084;29.132578;217.72816;63.563236;220.01843;180.09459;26.1;32.004925;79.89172
741;4670.0;10.0;1962.0;15.0;115.13496;170.99924;127.14379;205.13055;126.042465;176.06061;169.16719;191.06061;110.94811;85.434715;244.7;162.23328;154.5873
742;4701.0;11.0;1962.0;15.0;28.472754;42.49381;30.78302;125.336624;79.15979;114.5338;34.05503;86.062004;19.720907;3.0445306;166.2;106.091385;32.49005
743;4731.0;12.0;1962.0;15.0;0.079476565;1.6295336;2.2726126;26.078228;12.602094;21.76692;0.7970285;9.764719;0.0;0.0;25.3;25.880875;4.1009684
744;4762.0;1.0;1963.0;15.0;0.015715463;1.2917259;2.5873873;8.891457;3.8239212;27.941994;0.010466424;28.968275;0.0;0.0;38.7;40.77947;3.9276776
745;4793.0;2.0;1963.0;15.0;29.001978;38.448402;25.488537;41.69978;46.477383;37.88335;37.959625;49.359688;14.555337;8.952148;64.8;31.28267;35.281067
746;4821.0;3.0;1963.0;15.0;33.37595;95.766655;38.91471;73.99208;91.51854;58.561684;32.927998;87.30717;17.412321;4.1772404;93.2;74.0589;100.174
747;4852.0;4.0;1963.0;15.0;71.73873;71.846794;69.36825;126.20524;118.18221;182.40247;88.96821;125.02543;50.34951;33.807007;130.9;197.41666;91.02192
748;4882.0;5.0;1963.0;15.0;112.10507;114.9679;114.26971;155.19475;152.88669;187.1681;112.90452;158.22687;105.35395;89.4115;240.4;191.7262;166.33118
749;4913.0;6.0;1963.0;15.0;130.33173;222.05145;172.96735;184.0095;192.65352;202.61824;156.54193;299.79233;172.80043;155.09656;276.8;223.25156;256.73572
750;4943.0;7.0;1963.0;15.0;280.20197;370.2045;263.18448;285.24127;297.26877;264.808;292.60107;299.7389;266.69153;166.20334;335.7;271.83267;253.60316
751;4974.0;8.0;1963.0;15.0;342.16852;259.01392;306.0282;199.29247;217.98857;245.19743;354.89352;261.45572;324.29172;302.00674;238.4;244.72902;252.41081
752;5005.0;9.0;1963.0;15.0;260.95288;297.03522;252.47812;201.59245;230.4719;201.65128;375.8235;243.92596;240.05058;191.90932;298.8;216.07498;257.482
753;5035.0;10.0;1963.0;15.0;166.86502;209.46838;146.66792;110.48086;159.811;185.74242;226.27457;226.8151;122.723495;55.0581;165.1;204.27057;185.79718
754;5066.0;11.0;1963.0;15.0;1.4147274;23.79959;12.324869;75.10679;72.52365;60.926624;9.931683;20.806147;4.1557035;0.17251669;99.3;48.176445;43.491825
755;5096.0;12.0;1963.0;15.0;0.0;0.17068034;1.0633453;16.567677;5.326326;6.844091;0.0;4.298704;0.0;0.0;19.6;9.777945;6.1685534
756;5127.0;1.0;1964.0;15.0;1.6168491;11.699444;3.5168722;19.814894;5.1582017;19.271358;5.195863;0.5664743;0.0;0.0;52.3;9.677181;3.8665843
757;5158.0;2.0;1964.0;15.0;0.09513849;3.5282066;2.8406332;4.0729437;7.154865;16.530771;0.05320033;15.394644;0.0;0.0;26.8;27.111958;21.777931
758;5187.0;3.0;1964.0;15.0;35.102688;55.317772;41.616657;112.54049;82.27233;121.38784;83.07839;35.74373;34.314724;7.4180527;165.2;96.30229;53.20255
759;5218.0;4.0;1964.0;15.0;77.70053;89.44747;73.06764;138.27756;124.66646;165.61655;117.148125;145.89865;41.72995;27.036077;180.5;145.44276;108.249344
760;5248.0;5.0;1964.0;15.0;111.792854;119.816765;124.680664;214.75067;204.83939;212.89053;100.42451;212.26025;116.30122;109.67346;171.2;232.39978;163.21172
761;5279.0;6.0;1964.0;15.0;168.85558;117.05926;156.56856;265.17093;232.33115;290.63724;113.49828;186.89265;140.09416;156.2705;333.3;310.79938;151.9159
762;5309.0;7.0;1964.0;15.0;219.17728;177.26878;209.17378;84.2126;104.81344;90.04963;207.32587;166.82562;263.76587;231.70822;51.4;111.2991;127.89624
763;5340.0;8.0;1964.0;15.0;159.63025;96.38794;207.79372;37.62011;44.24231;19.851238;223.93716;49.823517;310.9923;332.7275;29.4;34.185223;55.62421
764;5371.0;9.0;1964.0;15.0;273.93716;146.1438;209.15714;54.120087;63.426155;64.30379;250.11743;110.512596;242.03174;223.04027;47.2;82.41493;65.209984
765;5401.0;10.0;1964.0;15.0;33.956264;40.16874;36.181915;89.30579;80.062195;100.752396;54.095795;69.62671;36.635246;3.4285886;122.5;101.22085;50.14145
766;5432.0;11.0;1964.0;15.0;2.6930668;8.089661;6.823488;33.772003;32.324898;24.626707;6.5279446;18.171986;3.6554422;0.32806838;43.2;41.43688;23.301239
767;5462.0;12.0;1964.0;15.0;2.4233189;22.435268;8.7730255;27.683283;28.532978;28.736347;14.704902;14.783212;1.1001935;0.0;38.2;30.904736;29.569847
768;5493.0;1.0;1965.0;15.0;2.663432;4.629404;3.9317334;20.42043;20.724592;30.43973;0.46307644;13.640582;0.042328384;0.0;44.3;28.402573;9.8585615
769;5524.0;2.0;1965.0;15.0;16.08571;32.459354;15.589825;42.207558;45.76171;45.0401;14.0216675;25.720528;2.7531734;1.1431646;72.6;44.345226;41.19852
770;5552.0;3.0;1965.0;15.0;6.4051104;42.356037;21.344553;93.2592;84.04452;90.43973;15.162105;88.61863;1.0189767;0.19978277;131.4;117.197426;80.98423
771;5583.0;4.0;1965.0;15.0;74.262985;115.16368;77.428955;177.5235;181.69348;184.53212;99.18681;126.97375;45.26969;25.401127;172.3;196.44487;132.17859
772;5613.0;5.0;1965.0;15.0;141.22581;113.19487;127.8154;191.26907;184.86296;130.83432;131.59186;142.61235;129.62996;106.168045;176.3;150.89351;131.56142
773;5644.0;6.0;1965.0;15.0;173.69736;210.42012;176.82465;254.17972;211.53267;237.68855;182.92905;313.83945;145.81525;131.31842;285.7;303.87054;249.20229
774;5674.0;7.0;1965.0;15.0;175.76894;205.16348;186.43112;157.26038;136.97443;174.37956;239.59537;195.46141;184.35382;181.23724;283.8;225.78973;134.33418
775;5705.0;8.0;1965.0;15.0;258.04367;160.26227;217.55731;112.670044;119.71955;85.345634;239.60501;126.596794;265.6709;231.98749;68.4;114.27826;99.367134
776;5736.0;9.0;1965.0;15.0;158.95135;117.009476;162.34636;129.51442;119.89264;156.82607;197.3272;170.19615;170.03564;184.80835;131.7;194.7727;104.75407
777;5766.0;10.0;1965.0;15.0;61.935043;83.621185;59.220734;94.35105;85.961624;109.954056;57.78981;113.13563;53.23705;26.208256;133.5;144.99596;64.18043
778;5797.0;11.0;1965.0;15.0;0.0056716953;1.099871;2.2867072;13.649171;9.874252;26.859829;0.030693749;5.088981;0.0;0.0;36.2;40.721436;8.941748
779;5827.0;12.0;1965.0;15.0;0.0;0.0004301134;1.0321214;15.793553;8.549049;9.052513;0.0;6.324315;0.0;0.0;8.7;12.55237;1.3988571
780;5858.0;1.0;1966.0;15.0;2.031753;2.8410962;1.5539479;1.9550614;2.580637;12.269304;0.44089642;1.2095037;0.0;0.0;15.2;10.359521;2.987204
781;5889.0;2.0;1966.0;15.0;0.0028358477;0.3660713;1.4402101;15.444716;12.79972;5.3933873;0.00028940328;12.27579;0.0;0.0;15.7;21.169981;3.7207325
782;5917.0;3.0;1966.0;15.0;10.919678;50.37345;30.151842;84.429665;86.56015;104.23219;13.210862;103.53755;23.380775;11.546663;76.7;112.873825;74.41722
783;5948.0;4.0;1966.0;15.0;111.864975;143.04655;99.29468;149.12238;134.887;131.27571;126.79243;131.66794;85.974754;43.048317;154.9;144.18074;115.28489
784;5978.0;5.0;1966.0;15.0;129.5419;156.73206;125.74447;130.77048;115.06621;249.72328;174.77448;248.3699;82.842964;72.31382;186.4;244.94958;185.93019
785;6009.0;6.0;1966.0;15.0;202.20477;193.64314;191.20023;287.055;296.82434;277.69794;185.67975;274.37033;156.6561;148.83604;261.2;306.84686;282.4805
786;6039.0;7.0;1966.0;15.0;125.14167;118.83108;140.84964;130.9391;121.56223;116.120575;198.58995;110.547905;181.16154;130.37624;133.8;148.63055;93.82519
787;6070.0;8.0;1966.0;15.0;243.45279;202.8009;220.7655;52.244255;74.950745;46.5821;253.98943;91.34506;239.60387;274.43915;67.4;47.224537;87.2292
788;6101.0;9.0;1966.0;15.0;199.10811;83.46641;175.09229;67.794014;82.38913;71.50891;197.32014;76.8943;202.55208;232.09804;69.3;96.850945;77.95536
789;6131.0;10.0;1966.0;15.0;62.276432;116.188515;77.067154;100.792595;100.58956;99.51338;118.00448;127.21013;75.09863;37.32249;137.0;150.5579;86.12201
790;6162.0;11.0;1966.0;15.0;0.032681532;6.9451275;8.48242;52.423584;50.74537;26.603964;1.0759424;34.904007;0.86517805;1.8939976;37.0;44.3701;64.83789
791;6192.0;12.0;1966.0;15.0;0.0;3.4248827;3.0367641;14.040689;19.072582;24.908401;0.0;17.155468;0.0;0.0;62.6;20.874065;13.462652
792;6223.0;1.0;1967.0;15.0;0.0;0.25095305;0.720994;1.7995546;2.1873205;4.1944284;0.0;1.3153774;0.0;0.0;12.7;5.5156293;8.971394
793;6254.0;2.0;1967.0;15.0;16.243784;14.108671;9.88063;19.087223;32.264874;8.84693;16.007338;18.066744;0.671317;0.0;20.4;13.119751;21.856152
794;6282.0;3.0;1967.0;15.0;66.2886;109.27757;64.78474;126.426;109.17064;158.46252;91.146774;82.72916;41.515984;17.802622;144.8;104.62159;95.10567
795;6313.0;4.0;1967.0;15.0;88.87776;100.103775;86.53378;159.22433;176.98012;169.6028;72.02111;121.81318;81.53095;39.32791;157.6;145.40962;177.00703
796;6343.0;5.0;1967.0;15.0;105.811424;153.5568;109.472946;132.3074;126.13016;155.34413;96.70794;127.7232;120.44368;66.43122;210.2;137.69475;148.263
797;6374.0;6.0;1967.0;15.0;152.21957;201.87022;166.33023;295.61426;257.4446;267.17313;180.90875;257.93015;146.02211;117.615036;334.7;281.2019;208.20114
798;6404.0;7.0;1967.0;15.0;188.17813;107.2861;156.892;70.343216;61.960518;114.34117;212.72215;81.893456;168.18881;170.74115;155.9;111.90787;56.90275
799;6435.0;8.0;1967.0;15.0;249.62491;168.18526;219.53873;28.434473;67.76488;16.26194;256.14767;76.076935;266.07944;266.4934;15.6;22.666788;98.74996
800;6466.0;9.0;1967.0;15.0;276.79196;154.72693;225.5742;54.10987;111.188324;45.108196;264.89655;84.46388;262.17517;248.12352;59.9;72.24279;160.47246
801;6496.0;10.0;1967.0;15.0;88.71948;78.27916;76.544556;120.51736;84.60948;120.02465;194.03065;106.64614;58.6691;15.799143;197.6;114.13741;72.08279
802;6527.0;11.0;1967.0;15.0;0.5282595;11.778621;10.314016;59.813396;57.37049;49.11756;0.8929413;40.005802;5.0797954;0.0;61.4;46.068165;60.38646
803;6557.0;12.0;1967.0;15.0;3.9334261;19.48117;10.262249;22.179882;22.512892;47.16283;13.637201;19.931713;6.408585;0.8616645;55.7;33.183277;29.510561
804;6588.0;1.0;1968.0;15.0;0.011802401;3.92583;1.5108393;8.918353;10.191565;4.5795016;0.07683373;1.464237;0.0;0.0;10.0;10.481568;8.633561
805;6619.0;2.0;1968.0;15.0;3.8135753;46.233032;16.243309;53.40007;40.926956;80.73689;12.401349;53.180653;0.47436067;0.0;71.2;61.61999;54.33855
806;6648.0;3.0;1968.0;15.0;81.105156;47.36217;47.843864;61.05222;72.88672;53.277847;44.585567;57.869656;37.634052;17.74863;62.5;44.559113;58.67443
807;6679.0;4.0;1968.0;15.0;174.20216;132.7807;127.29259;125.77459;132.81729;121.11811;163.90894;111.478264;97.05918;85.22684;135.8;142.38716;142.57858
808;6709.0;5.0;1968.0;15.0;97.05701;103.87724;102.91789;156.93253;141.30963;166.03499;106.97094;113.69646;86.03429;98.34704;217.0;167.70488;115.4343
809;6740.0;6.0;1968.0;15.0;199.17422;190.00537;197.80063;300.24493;219.57414;306.6372;175.73473;260.01236;176.38525;189.45006;409.0;307.62866;212.07312
810;6770.0;7.0;1968.0;15.0;247.71054;267.9668;259.22775;415.3028;375.0111;399.34778;297.77826;287.14825;287.46918;173.1066;495.5;373.22473;303.21414
811;6801.0;8.0;1968.0;15.0;272.27258;252.69989;239.92595;187.64905;203.09598;345.8646;246.16444;272.42935;195.67651;217.75952;439.1;363.6355;236.63211
812;6832.0;9.0;1968.0;15.0;216.01697;269.572;204.50436;316.679;332.79834;313.80084;193.64497;287.7338;184.90224;127.698235;350.4;313.41458;219.96512
813;6862.0;10.0;1968.0;15.0;90.71751;141.42975;96.45493;172.56737;163.88916;205.67064;86.60196;179.78479;73.73012;42.40464;167.6;187.13615;194.06053
814;6893.0;11.0;1968.0;15.0;1.850353;4.0568013;9.183175;58.281353;37.85848;44.07319;3.5016701;37.344276;11.8238325;1.4351581;66.4;58.733994;20.776503
815;6923.0;12.0;1968.0;15.0;1.7407794;1.2360327;1.7716081;8.133665;0.2894173;14.860471;1.73126;7.249255;0.6819184;0.0;39.5;13.952509;1.0173745
816;6954.0;1.0;1969.0;15.0;0.0;0.46249962;0.9204512;5.204996;0.6489896;13.400788;0.0;7.092769;0.0;0.0;43.5;16.025202;0.44549963
817;6985.0;2.0;1969.0;15.0;0.8225419;20.833511;6.9042897;27.684904;22.981773;20.459684;2.3971126;48.448357;0.032747153;0.0;29.1;30.410719;17.44166
818;7013.0;3.0;1969.0;15.0;29.942635;61.093834;31.776003;69.38479;74.61058;79.43964;36.835915;69.892876;10.311956;2.666889;119.5;78.39769;88.11269
819;7044.0;4.0;1969.0;15.0;67.71679;126.614174;83.78828;112.38312;99.32305;126.21042;93.23309;123.21623;81.94608;47.993053;178.3;118.62989;142.08548
820;7074.0;5.0;1969.0;15.0;120.76582;126.34073;106.41679;149.9798;116.074905;167.85893;142.25827;149.7426;63.583023;74.14276;196.3;182.65237;138.91466
821;7105.0;6.0;1969.0;15.0;150.21712;168.8796;163.10437;191.03387;144.98262;238.21669;126.54073;192.9084;174.79706;167.56094;271.3;255.27248;131.57057
822;7135.0;7.0;1969.0;15.0;168.49225;102.37598;162.49469;65.38171;65.99301;110.74772;153.82463;111.56033;192.30693;210.39362;142.8;114.509605;102.05858
823;7166.0;8.0;1969.0;15.0;221.21178;120.04863;214.87636;50.891983;74.82538;64.18135;266.11768;92.2483;302.92972;256.52762;76.2;93.16175;84.28213
824;7197.0;9.0;1969.0;15.0;201.47768;201.57129;194.53197;84.07466;95.870255;51.235252;296.01825;72.99563;244.98553;175.02472;44.0;61.596855;100.5447
825;7227.0;10.0;1969.0;15.0;148.98146;125.528534;139.10677;125.88541;117.708046;174.52837;177.1233;125.5049;163.09871;102.09811;217.5;159.78107;135.03584
826;7258.0;11.0;1969.0;15.0;22.478998;30.472462;21.810904;33.530773;22.157824;73.10353;30.195393;42.920227;18.788572;3.0948577;64.7;67.82013;25.12726
827;7288.0;12.0;1969.0;15.0;0.0;0.069533266;0.53237975;1.3818737;2.4703567;3.7920408;0.0;4.136828;0.0;0.0;12.6;14.458263;1.3772023
828;7319.0;1.0;1970.0;15.0;2.7165382;3.070745;4.456343;21.015665;17.027878;37.323524;5.3321867;19.578964;0.08088244;0.0;92.6;45.836514;3.9861956
829;7350.0;2.0;1970.0;15.0;0.058035865;5.2828445;5.5618324;27.359241;27.035334;43.200565;0.031399272;36.231087;0.0;0.0;23.9;32.068382;31.112246
830;7378.0;3.0;1970.0;15.0;28.176811;110.6357;42.404877;75.500885;104.51906;70.703674;56.16853;85.44056;15.390391;10.021088;55.5;79.270515;78.562195
831;7409.0;4.0;1970.0;15.0;45.636383;55.034283;45.691807;123.09774;107.78428;145.0057;36.500042;136.98009;25.22023;8.809825;118.6;162.13057;110.51629
832;7439.0;5.0;1970.0;15.0;123.74082;212.9297;151.14377;307.8772;242.23917;247.46194;188.11687;251.77719;121.44852;98.60392;257.6;223.33067;198.13042
833;7470.0;6.0;1970.0;15.0;78.99562;108.55249;102.764015;150.0098;129.3149;159.91779;116.73072;150.9475;104.99104;88.287445;138.4;196.97154;126.23591
834;7500.0;7.0;1970.0;15.0;197.66347;128.03345;176.47302;49.11951;65.30372;45.413063;224.49065;86.6825;204.04527;202.68797;47.9;78.47701;109.11682
835;7531.0;8.0;1970.0;15.0;195.42363;158.58905;222.99825;10.898649;52.53512;24.545935;223.66618;67.95143;282.11523;342.12177;34.9;24.782797;104.782974
836;7562.0;9.0;1970.0;15.0;227.9981;206.24982;226.06895;86.866776;157.8103;138.76974;276.71112;166.31215;313.64185;184.87453;133.0;179.36008;200.22058
837;7592.0;10.0;1970.0;15.0;30.997341;59.216908;52.187695;191.89644;189.26482;218.74004;44.2489;148.90547;30.536594;10.795727;183.3;221.56581;142.2984
838;7623.0;11.0;1970.0;15.0;0.015256163;1.0104635;4.351466;32.5088;27.138107;53.311104;0.07061784;19.981127;0.0;0.0;76.1;44.251205;14.801155
839;7653.0;12.0;1970.0;15.0;0.0;0.08723272;0.111599304;0.439894;0.165989;0.64611804;0.0;0.13898154;0.0;0.0;2.1;0.87166893;1.3251828
840;7684.0;1.0;1971.0;15.0;0.3659208;8.325731;4.7124443;12.619404;9.342326;41.16712;0.20701325;30.954035;0.0;0.0;74.2;42.0427;16.359648
841;7715.0;2.0;1971.0;15.0;9.302311;21.66813;15.260865;70.88962;53.485344;67.355255;17.182793;24.261673;9.714769;2.2109003;71.6;62.469814;27.918615
842;7743.0;3.0;1971.0;15.0;43.088806;63.49168;46.836273;128.09865;99.16535;96.863205;75.81108;58.557484;33.723595;15.732717;77.0;71.30414;76.89066
843;7774.0;4.0;1971.0;15.0;34.44774;76.932976;44.121403;84.22058;80.9049;93.679344;61.561447;51.36814;32.545475;14.638248;103.8;81.706856;89.15385
844;7804.0;5.0;1971.0;15.0;166.71828;177.17024;136.94423;124.738846;111.606445;151.06245;143.45;114.07431;120.49164;106.02625;141.2;144.61873;106.58556
845;7835.0;6.0;1971.0;15.0;127.3191;149.84209;121.24463;133.99371;128.07533;133.24655;138.43568;101.92156;103.02695;104.26545;247.2;122.922264;132.10652
846;7865.0;7.0;1971.0;15.0;183.75865;140.98912;190.18605;77.15967;96.44616;95.31612;188.05864;144.05046;256.25653;225.31616;167.6;129.86943;97.47874
847;7896.0;8.0;1971.0;15.0;226.85466;184.36737;205.60501;29.779125;62.634037;41.479908;260.5626;59.07784;245.21857;234.30635;54.5;46.250057;88.57949
848;7927.0;9.0;1971.0;15.0;182.97966;178.98222;170.09656;151.80553;164.73012;136.66466;219.01328;163.93626;168.28981;146.87204;143.0;150.8271;140.5312
849;7957.0;10.0;1971.0;15.0;23.623543;62.840084;34.21159;59.125027;43.261227;59.539032;31.147415;65.864845;40.394356;12.457007;78.4;64.01117;47.012802
850;7988.0;11.0;1971.0;15.0;0.00076222315;2.3819015;4.0063496;10.603671;13.603818;37.653255;0.6555711;22.410236;0.014937527;0.0;43.2;26.708437;28.041275
851;8018.0;12.0;1971.0;15.0;7.908347;4.0704036;6.0644855;5.433278;4.524538;27.897678;8.835724;20.400911;4.5296493;0.0;38.7;35.182373;4.775973
852;8049.0;1.0;1972.0;15.0;0.0;0.5637718;1.7970674;16.120508;4.677679;26.380667;0.0;3.5604725;0.0;0.0;34.2;26.216593;6.3510222
853;8080.0;2.0;1972.0;15.0;5.3683934;28.528736;15.404432;62.06139;65.204994;58.490284;25.486029;64.7739;2.8691258;0.233996;91.5;46.298447;33.381462
854;8109.0;3.0;1972.0;15.0;17.559116;67.229645;35.94393;98.933495;96.7675;137.53629;32.470215;122.33886;12.514915;4.8729167;101.6;110.44397;120.70957
855;8140.0;4.0;1972.0;15.0;84.83362;129.0639;88.23706;205.9374;196.1351;170.11304;89.595955;148.36945;77.59613;26.73581;212.0;141.03857;159.13734
856;8170.0;5.0;1972.0;15.0;168.49763;183.80544;154.27336;141.04955;145.71855;145.69241;254.07808;176.16277;120.66261;114.40478;169.0;158.84311;127.87216
857;8201.0;6.0;1972.0;15.0;106.340096;119.76907;138.96365;301.45483;228.87407;283.8126;114.54558;195.9179;112.59597;157.88736;295.2;273.13904;165.94496
858;8231.0;7.0;1972.0;15.0;158.31812;111.81961;145.97679;48.685707;72.699936;70.83088;204.73174;54.193707;168.252;163.59425;137.2;67.93207;60.86541
859;8262.0;8.0;1972.0;15.0;172.44724;95.53162;167.85573;60.999165;71.11304;58.268314;150.11456;52.828518;252.00372;212.34158;36.3;49.974785;62.647667
860;8293.0;9.0;1972.0;15.0;168.5795;89.96792;166.13019;108.82471;102.19777;121.58754;139.66899;100.7269;250.80635;183.01022;105.7;111.847664;122.35889
861;8323.0;10.0;1972.0;15.0;108.142075;106.26229;81.375916;80.53847;76.24634;91.59521;122.28967;73.10543;51.350365;52.263924;139.2;77.117424;63.664738
862;8354.0;11.0;1972.0;15.0;0.0;0.83195823;1.0575515;11.123417;3.5422769;18.36735;0.0;0.31472552;0.0;0.0;56.2;9.145432;2.243066
863;8384.0;12.0;1972.0;15.0;17.404085;13.402303;12.016227;6.609998;5.1260185;23.77041;27.169321;8.122645;7.6213317;4.3889627;40.1;18.408058;4.2217493
864;8415.0;1.0;1973.0;15.0;0.0;1.4630704;0.7360244;0.12986775;0.47865123;0.41343784;0.0;14.857789;0.0;0.0;1.4;6.6527443;0.8919004
865;8446.0;2.0;1973.0;15.0;0.1925106;2.435835;2.2912672;17.289679;12.064291;16.90209;0.9637099;13.584471;0.025803367;0.0;15.7;33.10638;2.9387076
866;8474.0;3.0;1973.0;15.0;38.51188;64.66083;41.07832;91.547165;85.494194;70.39023;68.80869;56.409443;34.386116;7.015551;103.8;69.99947;59.993088
867;8505.0;4.0;1973.0;15.0;44.788414;108.57309;51.270325;60.433113;76.96343;50.41523;58.800045;92.27109;35.604794;21.613043;60.3;81.52409;77.22924
868;8535.0;5.0;1973.0;15.0;112.263664;130.81369;96.14062;148.65617;130.65253;95.095406;139.66827;124.43806;87.441666;38.25684;109.4;110.853645;105.147446
869;8566.0;6.0;1973.0;15.0;208.6062;146.71794;154.83977;180.90202;161.98615;135.84947;194.19514;155.70477;101.44102;139.77411;151.6;147.0659;115.92698
870;8596.0;7.0;1973.0;15.0;157.70996;126.0125;142.84987;168.94728;134.99707;59.97468;154.60574;60.925304;189.53198;136.52394;86.4;58.63015;52.221252
871;8627.0;8.0;1973.0;15.0;273.70667;172.2667;219.7021;150.04146;130.32294;85.89004;224.73526;111.392105;281.5886;207.64023;152.1;111.46212;120.03377
872;8658.0;9.0;1973.0;15.0;224.62703;218.25175;188.26958;150.96141;188.96782;175.76082;218.81636;183.95134;174.56418;138.83795;184.4;181.2382;189.27199
873;8688.0;10.0;1973.0;15.0;80.79432;184.02356;81.79808;104.612526;128.37997;109.015686;100.36635;140.35275;44.28921;17.6235;106.6;136.56947;149.58249
874;8719.0;11.0;1973.0;15.0;0.021387158;0.68256;3.7445047;60.42942;49.371445;25.056215;0.011624037;13.268757;0.0;0.0;36.1;34.70457;6.7210917
875;8749.0;12.0;1973.0;15.0;1.0008317;6.6234555;4.5447884;32.723232;29.367609;35.372356;4.0388207;7.9261637;0.005745628;0.0;63.5;33.925377;10.114703
876;8780.0;1.0;1974.0;15.0;5.952454;37.2311;10.411952;12.253392;14.309409;25.087008;14.603268;24.948929;0.054322302;0.0;68.5;19.625689;22.204578
877;8811.0;2.0;1974.0;15.0;16.321484;11.145435;7.624123;6.0081234;8.721091;14.700681;4.3139853;8.272065;0.002662281;0.0;11.3;14.206905;24.43621
878;8839.0;3.0;1974.0;15.0;31.821619;76.59348;38.960552;77.36372;87.260544;145.12346;30.528383;103.50691;13.405257;2.041469;178.5;155.83028;111.34324
879;8870.0;4.0;1974.0;15.0;46.442406;62.04434;51.12718;96.89942;91.83949;131.53806;59.906475;101.44871;48.866814;17.096182;153.2;125.71919;76.475586
880;8900.0;5.0;1974.0;15.0;75.26995;123.28213;97.41584;112.93959;118.03454;158.98721;82.877625;105.64096;109.450714;83.74543;165.3;160.1141;117.03148
881;8931.0;6.0;1974.0;15.0;163.70116;129.3426;144.40749;232.82573;178.7315;234.69067;181.6812;184.1025;132.37279;96.35777;309.9;236.98776;156.58119
882;8961.0;7.0;1974.0;15.0;244.76471;339.26337;253.80574;137.71432;172.35289;214.22003;301.85855;238.94528;206.68716;265.16965;186.6;204.53006;215.08937
883;8992.0;8.0;1974.0;15.0;136.48969;102.77367;159.96674;67.38561;80.97002;32.756863;197.51537;51.722908;260.44864;181.10953;36.3;43.008778;84.742165
884;9023.0;9.0;1974.0;15.0;249.45515;150.09691;224.68878;165.21849;160.40363;191.83676;196.39569;169.11977;299.66565;230.51671;200.6;194.33882;144.63857
885;9053.0;10.0;1974.0;15.0;37.906353;77.72833;59.35671;70.48619;75.16452;117.25201;44.00113;79.63722;53.40188;64.475136;113.4;115.8486;73.99107
886;9084.0;11.0;1974.0;15.0;4.446329;7.227133;6.1584244;24.687399;23.170094;26.833817;1.5688132;29.154799;1.8469334;1.5557773;40.7;24.93711;16.813238
887;9114.0;12.0;1974.0;15.0;0.0;0.0;0.9133767;21.793537;1.2620384;14.814603;0.0;0.43375286;0.0;0.01140263;46.0;13.648762;0.007236046
888;9145.0;1.0;1975.0;15.0;0.0028358477;0.28171542;0.11331515;0.0;0.0;0.08843359;0.00028940328;2.4343739;0.0;0.0;0.3;0.22806709;0.10948863
889;9176.0;2.0;1975.0;15.0;12.874035;46.30621;20.075586;65.005974;54.141644;68.054115;17.278973;45.440174;7.4060454;2.5773392;100.7;57.67989;45.79823
890;9204.0;3.0;1975.0;15.0;48.289288;62.953094;38.795914;82.27876;109.826;43.034927;56.101913;55.674763;18.127491;4.7192373;68.8;59.651405;79.35056
891;9235.0;4.0;1975.0;15.0;94.896866;128.86966;85.17724;197.9736;216.26604;156.68698;87.80146;202.50897;29.448044;28.16063;120.0;169.57655;191.15662
892;9265.0;5.0;1975.0;15.0;109.24327;129.9893;121.84538;122.03126;114.91457;106.64815;153.84354;151.78426;121.6104;115.50899;166.3;142.7936;116.56363
893;9296.0;6.0;1975.0;15.0;133.5358;116.118515;123.483574;218.93378;164.02057;205.90964;97.541046;122.2591;100.105835;124.09062;187.8;199.26826;121.36407
894;9326.0;7.0;1975.0;15.0;292.27814;231.41458;276.12402;158.44908;163.57494;239.73662;268.19562;176.13794;313.84958;306.27087;313.2;195.46649;223.17828
895;9357.0;8.0;1975.0;15.0;168.27975;103.87801;158.6695;31.68358;32.432724;16.841692;167.87537;36.193245;182.63615;234.46329;38.2;30.074814;51.557434
896;9388.0;9.0;1975.0;15.0;203.23547;168.43732;189.70631;45.030304;63.73873;34.43058;295.0661;61.44735;246.89326;182.76839;44.3;55.28637;75.99899
897;9418.0;10.0;1975.0;15.0;57.418854;89.74686;59.393322;110.404724;100.9394;134.11324;43.012966;161.39078;34.78027;28.36755;181.2;141.32901;112.53148
898;9449.0;11.0;1975.0;15.0;6.058914;14.248076;13.822498;45.058502;32.41098;72.2126;37.79407;28.371988;6.2199545;0.0;69.7;67.78184;25.630106
899;9479.0;12.0;1975.0;15.0;0.55003214;28.55345;9.961573;30.996635;36.30036;49.134174;1.4577051;25.242046;0.0;0.0;58.9;53.695118;51.71463
900;9510.0;1.0;1976.0;15.0;0.00076222315;0.38238528;0.20888907;0.63743776;0.47865123;1.0047667;0.7732298;0.75387615;0.00011146606;0.0;3.3;0.36338055;0.35821417
901;9541.0;2.0;1976.0;15.0;18.015446;50.751102;23.635302;83.891716;62.776073;44.09259;37.701813;39.20085;7.767706;1.6021537;75.9;56.415016;56.191082
902;9570.0;3.0;1976.0;15.0;1.8510307;34.998234;20.239649;105.48469;90.46715;123.60178;7.988592;80.79171;1.3743038;0.047620136;123.9;125.24438;90.32668
903;9601.0;4.0;1976.0;15.0;64.59319;107.92097;63.437805;167.31288;96.605545;126.93248;72.430725;142.7165;36.832214;18.738462;151.1;132.08333;98.59551
904;9631.0;5.0;1976.0;15.0;157.0925;143.73717;135.56935;130.9283;107.298546;96.899796;164.3813;103.94148;147.64067;107.687065;147.0;109.404526;102.24984
905;9662.0;6.0;1976.0;15.0;190.58762;115.17152;160.6238;137.8767;128.56657;219.18776;135.91827;141.70937;181.8034;150.10846;241.4;217.6536;139.21567
906;9692.0;7.0;1976.0;15.0;108.77454;108.230934;116.70426;11.99603;27.275772;17.293114;202.262;55.10026;137.94865;129.1772;30.2;36.359997;43.95793
907;9723.0;8.0;1976.0;15.0;147.52809;53.681725;141.18028;18.754217;24.721409;13.524066;97.095795;18.250525;216.21266;218.29349;36.4;23.725285;23.713516
908;9754.0;9.0;1976.0;15.0;129.6074;103.22378;104.73294;26.431616;52.299503;20.44916;107.927734;23.148027;124.50666;107.81295;30.1;26.226921;52.591316
909;9784.0;10.0;1976.0;15.0;219.87099;137.53003;172.57426;70.23818;105.53154;101.49012;201.70073;116.88839;188.90793;158.91194;70.5;109.916985;130.87566
910;9815.0;11.0;1976.0;15.0;25.929272;41.640553;21.417809;65.982765;57.848236;49.265877;22.10107;49.765717;6.09923;1.7187239;80.5;50.654835;30.548616
911;9845.0;12.0;1976.0;15.0;0.9131571;14.096425;3.5861459;6.513564;6.6591277;20.968899;0.8722878;7.4777246;0.045507785;0.0;3.2;13.808003;8.715584
912;9876.0;1.0;1977.0;15.0;7.12817;16.63474;7.9840384;26.664852;17.21498;28.82977;5.6510816;25.721897;1.0054234;0.0;45.2;35.531525;21.314087
913;9907.0;2.0;1977.0;15.0;0.0;0.26872858;2.2585495;24.911083;12.179461;33.159107;0.0;8.07752;0.0;0.0;20.5;23.379593;5.147761
914;9935.0;3.0;1977.0;15.0;19.555336;9.145071;13.277766;15.327548;21.505604;24.424458;13.742783;18.428951;11.88534;3.532357;49.8;33.73396;27.492271
915;9966.0;4.0;1977.0;15.0;33.101074;73.225685;39.288612;46.51877;60.42498;87.06875;43.763546;111.13347;17.187466;10.242092;107.0;97.68931;104.19182
916;9996.0;5.0;1977.0;15.0;127.380226;130.98326;117.739784;42.576927;43.75205;109.79362;180.94997;164.51772;92.818306;105.22818;153.0;134.54942;92.927025
917;10027.0;6.0;1977.0;15.0;107.02287;102.22795;118.06526;92.44889;88.66617;183.95279;83.03654;149.37831;98.88648;144.1355;213.0;172.11295;183.69504
918;10057.0;7.0;1977.0;15.0;151.69943;122.193184;137.04054;17.26616;30.393663;43.12326;165.02327;57.36399;165.84343;155.31169;45.6;42.55699;54.18405
919;10088.0;8.0;1977.0;15.0;158.93413;80.3882;157.32008;52.04622;54.020214;23.651836;206.73395;28.673206;197.4013;222.80702;24.4;36.698536;33.59757
920;10119.0;9.0;1977.0;15.0;201.72604;156.29799;169.35716;80.941635;103.58269;83.46909;171.18927;122.679054;178.73904;171.07524;87.1;78.11335;155.08383
921;10149.0;10.0;1977.0;15.0;66.801155;79.933014;61.05951;123.13087;105.558;80.637146;61.39079;75.43853;53.1984;33.092606;102.1;106.85295;80.996605
922;10180.0;11.0;1977.0;15.0;0.0;0.09465333;1.1237006;15.389836;8.447105;13.261727;0.00028940328;2.594638;0.0;0.0;18.1;11.695041;3.3311126
923;10210.0;12.0;1977.0;15.0;1.0828204;0.7978939;3.28143;8.803765;1.5488682;14.105914;11.402676;10.9483795;4.0127034;0.0;28.5;21.988638;0.7188844
924;10241.0;1.0;1978.0;15.0;0.0;1.3912959;2.7643385;21.478502;26.92864;18.512949;0.0;13.440723;0.0;0.0;5.1;22.456171;13.064762
925;10272.0;2.0;1978.0;15.0;0.052405074;7.8174305;6.843353;61.170563;55.061752;53.96327;0.15197232;21.79839;0.0;0.0;94.6;61.35014;22.980492
926;10300.0;3.0;1978.0;15.0;80.07114;124.63266;82.59851;90.31706;91.1263;121.42433;142.68712;118.46464;49.602776;44.564182;241.7;104.07205;121.490425
927;10331.0;4.0;1978.0;15.0;121.39181;206.08897;139.55751;166.11003;152.13974;214.03525;176.25235;231.72673;111.47722;92.649086;222.5;227.5023;184.35808
928;10361.0;5.0;1978.0;15.0;113.578316;164.08376;136.16122;172.73222;194.27264;213.04114;127.65332;210.36809;109.656425;125.965996;267.3;196.32793;202.33723
929;10392.0;6.0;1978.0;15.0;120.99294;170.55486;128.45117;134.79353;167.07854;160.32582;125.23826;286.9758;87.94025;97.21829;165.1;213.8896;219.39171
930;10422.0;7.0;1978.0;15.0;221.61246;135.48312;190.03204;31.55987;51.81887;46.333027;236.43826;130.42651;258.5853;186.28421;62.7;54.694237;100.09732
931;10453.0;8.0;1978.0;15.0;156.56114;81.06021;151.53484;3.193178;8.770561;9.56226;191.79745;34.323116;220.06839;199.78339;10.7;12.218098;21.047451
932;10484.0;9.0;1978.0;15.0;135.78674;144.45776;145.00012;109.247314;127.291824;98.39259;140.52077;139.88406;149.35153;160.23778;86.9;122.64427;163.68669
933;10514.0;10.0;1978.0;15.0;101.96255;113.75065;89.52303;71.887314;72.56869;95.18767;97.8714;90.51859;84.57309;63.483467;120.4;117.265945;97.91031
934;10545.0;11.0;1978.0;15.0;1.7776643;20.734697;10.255347;62.593582;57.864178;48.216232;6.8505177;35.40509;0.6307065;0.008514794;69.4;42.090088;36.60465
935;10575.0;12.0;1978.0;15.0;1.269531;1.3461375;1.4685606;14.170095;8.857324;8.949262;0.7909394;2.8025205;0.0;0.0;21.9;16.681221;0.7871893
936;10606.0;1.0;1979.0;15.0;0.617645;7.9085336;2.9115555;2.6026673;5.997057;6.1707664;1.1419983;14.431561;0.0;0.0;15.9;8.134713;19.18031
937;10637.0;2.0;1979.0;15.0;0.0;1.450991;3.3799152;29.80732;29.081615;14.97004;0.0;32.273426;0.0;0.0;10.1;41.382217;8.426422
938;10665.0;3.0;1979.0;15.0;25.47384;47.856888;33.496952;34.079197;26.090229;70.21076;39.385143;55.825893;30.430317;25.077868;94.6;63.422028;36.822308
939;10696.0;4.0;1979.0;15.0;69.416855;123.304245;69.98324;137.4951;135.96805;113.33206;72.42562;134.79572;36.932476;30.103659;159.8;102.44757;130.49261
940;10726.0;5.0;1979.0;15.0;124.47173;171.2282;132.53204;216.70398;251.92824;268.60785;156.57487;232.90503;95.06903;66.77457;238.4;291.49512;234.4885
941;10757.0;6.0;1979.0;15.0;160.02107;180.0423;178.31747;323.5756;291.56192;283.73264;154.66171;194.83257;188.89108;155.91469;305.6;224.09526;202.97983
942;10787.0;7.0;1979.0;15.0;229.2911;221.65877;216.08104;113.06102;162.01662;177.39445;264.2439;192.88219;250.77907;175.49425;213.7;191.797;202.0836
943;10818.0;8.0;1979.0;15.0;236.45769;194.92325;219.80377;70.731834;120.61812;157.58818;268.61636;212.98305;216.9505;232.0381;153.1;180.15266;195.51796
944;10849.0;9.0;1979.0;15.0;250.50513;185.25685;209.05705;182.9506;168.96303;159.31206;239.10641;186.76898;225.75542;178.64331;260.5;180.39978;168.27869
945;10879.0;10.0;1979.0;15.0;92.37662;124.42745;85.483505;130.1575;102.04602;173.62129;105.29904;145.68933;56.272808;42.044575;228.2;133.40282;116.46316
946;10910.0;11.0;1979.0;15.0;13.820599;23.063478;19.365885;42.171803;30.26448;81.48858;29.276594;52.01249;7.655731;4.7897096;147.8;83.00863;50.862858
947;10940.0;12.0;1979.0;15.0;0.0;0.0;0.33889714;1.150492;0.0;9.945917;0.043824393;0.09269473;0.0026098264;0.0;33.5;3.3222423;0.00031531558
948;10971.0;1.0;1980.0;15.0;0.5394141;8.066286;1.8751016;5.1398125;3.3129056;3.7728689;2.6736608;0.21790902;0.0;0.0;12.5;20.52428;0.29065844
949;11002.0;2.0;1980.0;15.0;0.34720507;10.170797;10.237424;45.470375;57.883965;87.52301;0.08938998;44.862553;0.0;0.0;46.1;69.68856;58.390385
950;11031.0;3.0;1980.0;15.0;8.145784;34.702892;13.166209;31.76196;25.3474;32.7761;17.554848;31.233974;1.9998368;0.4143204;47.8;48.114784;36.362133
951;11062.0;4.0;1980.0;15.0;54.95433;49.20498;50.142616;117.01555;109.28951;92.11752;72.39552;123.36881;30.552889;18.310978;85.6;112.60867;87.09223
952;11092.0;5.0;1980.0;15.0;133.54176;142.64409;121.89673;125.87273;111.83317;164.66461;100.0252;175.38077;84.373436;115.56631;179.4;188.61382;162.82327
953;11123.0;6.0;1980.0;15.0;134.70204;108.112854;132.01094;106.22757;132.82025;173.14798;126.31062;142.03712;133.48083;131.93782;138.6;177.44514;155.67427
954;11153.0;7.0;1980.0;15.0;163.20787;103.196815;141.36559;32.75539;68.49908;66.43886;162.652;96.40415;172.6841;139.48703;67.7;90.54906;129.7176
955;11184.0;8.0;1980.0;15.0;278.48352;220.77306;258.56082;72.275116;110.01315;220.3208;302.32413;203.80975;288.74298;265.89035;179.7;206.77707;210.2269
956;11215.0;9.0;1980.0;15.0;181.0221;230.70053;174.70325;169.46852;153.03697;217.78543;220.91853;222.32083;138.31467;136.3958;173.2;219.53792;178.71754
957;11245.0;10.0;1980.0;15.0;130.72144;191.99619;114.67495;96.79961;123.22822;147.78572;127.449295;179.50607;88.0291;40.570366;121.1;155.77652;211.60176
958;11276.0;11.0;1980.0;15.0;1.3042215;13.092561;9.867596;32.285114;28.674988;73.535835;4.292852;44.547832;3.8405569;0.11920711;99.2;73.39148;37.509758
959;11306.0;12.0;1980.0;15.0;0.03985668;0.030766279;0.7903979;4.9140863;3.6839697;16.697077;0.0;0.002615861;0.0;0.0;11.0;10.304071;1.3677503
960;11337.0;1.0;1981.0;15.0;0.40540534;14.533681;3.0266416;0.46571705;2.0902166;19.496925;0.22678849;5.132918;0.0;0.0;4.0;12.025666;5.9789877
961;11368.0;2.0;1981.0;15.0;0.0;1.2857735;2.0710216;14.641407;5.485438;16.571121;0.0;22.780611;0.0;0.0;35.8;13.174256;7.805195
962;11396.0;3.0;1981.0;15.0;18.71165;55.625717;22.029581;51.400803;33.73514;47.616722;20.031927;65.08846;10.050347;0.60589397;60.9;44.048813;45.794582
963;11427.0;4.0;1981.0;15.0;64.70354;73.76768;64.5779;39.65997;64.14807;69.87634;72.50679;94.82733;74.83898;39.90493;109.5;82.94481;87.79616
964;11457.0;5.0;1981.0;15.0;145.9776;161.30492;137.14352;134.64159;136.86047;192.55676;175.8607;183.98338;123.61698;86.65544;220.4;192.20322;181.10739
965;11488.0;6.0;1981.0;15.0;170.22632;176.96806;160.02779;222.9197;208.80135;218.77402;139.25273;272.50354;140.8196;121.35502;201.9;242.66736;211.66905
966;11518.0;7.0;1981.0;15.0;170.61414;117.16643;169.14905;81.46461;80.890656;80.06799;166.20628;94.96767;192.18738;229.67809;106.6;86.17504;98.90235
967;11549.0;8.0;1981.0;15.0;142.39104;118.24494;172.54599;44.855644;79.13209;79.01347;226.57935;74.93276;254.72983;204.70338;61.9;85.00554;88.65141
968;11580.0;9.0;1981.0;15.0;165.4146;129.88489;160.71124;112.65985;130.44055;156.98318;200.01091;165.34215;177.39987;159.5745;146.1;184.15851;99.861534
969;11610.0;10.0;1981.0;15.0;23.857267;102.69471;50.13893;165.58827;179.11082;118.967575;43.99026;156.01991;23.786512;9.802425;123.7;150.41528;132.69566
970;11641.0;11.0;1981.0;15.0;0.07902109;1.0075471;1.8403769;19.243244;5.3296638;13.392384;0.43658027;10.909541;0.0;0.0;24.8;16.320364;9.315248
971;11671.0;12.0;1981.0;15.0;0.0;1.046546;0.53081304;2.716199;2.6726124;4.2320356;0.0;0.036900084;0.0;0.0;13.9;9.364235;1.7596284
972;11702.0;1.0;1982.0;15.0;0.5711169;4.84261;1.8762205;5.5674224;6.7008867;9.135852;2.0698953;6.80589;0.0;0.0;23.9;7.666383;4.5188966
973;11733.0;2.0;1982.0;15.0;13.324994;19.468275;22.97481;52.43594;47.734947;123.39511;13.162989;57.72891;17.684149;11.02165;141.8;93.41384;62.957546
974;11761.0;3.0;1982.0;15.0;14.177261;31.129362;22.463903;68.30699;51.814915;82.25616;27.338984;65.73733;14.446075;3.5798283;91.4;83.13255;52.0239
975;11792.0;4.0;1982.0;15.0;83.1801;144.48105;89.84537;97.565186;87.755875;140.97038;139.51306;154.48999;63.74066;41.911446;196.6;147.9071;130.72221
976;11822.0;5.0;1982.0;15.0;129.86194;148.73206;117.56507;107.34667;107.09954;150.97906;114.26046;108.82874;87.484886;108.72488;147.7;152.5482;127.48717
977;11853.0;6.0;1982.0;15.0;90.1149;90.787254;107.82368;186.8669;149.81252;298.38342;101.11704;147.97098;103.16267;98.788506;279.0;260.52307;99.05178
978;11883.0;7.0;1982.0;15.0;164.56847;59.909046;138.32195;92.47913;56.548466;96.01313;121.29624;115.61458;155.12924;182.69882;101.1;106.89507;63.796097
979;11914.0;8.0;1982.0;15.0;221.7249;97.48771;160.5048;10.373965;25.814201;8.247606;184.68248;18.533752;182.26726;197.15921;13.2;13.080218;27.965702
980;11945.0;9.0;1982.0;15.0;155.0481;123.22446;136.92992;11.456785;27.335804;27.606936;112.61697;98.74695;240.73503;113.41763;59.8;38.06086;43.916874
981;11975.0;10.0;1982.0;15.0;108.95015;105.88034;94.057945;109.720406;121.171005;118.42809;101.54791;120.16212;75.749016;63.962715;119.2;115.491005;144.09279
982;12006.0;11.0;1982.0;15.0;12.2109165;8.879458;7.116338;22.434662;10.604884;18.222673;5.247728;23.93014;0.8756466;0.717303;29.9;26.252378;9.756085
983;12036.0;12.0;1982.0;15.0;0.0;0.6243898;0.6968404;3.5086484;0.11243863;8.995192;0.0;8.571339;0.0;0.0;25.4;4.405725;0.6656456
984;12067.0;1.0;1983.0;15.0;0.0;0.0;0.0;0.0;0.0;0.0;0.0;0.0;0.0;0.0;0.0;0.0;0.0
985;12098.0;2.0;1983.0;15.0;0.15239447;1.606858;0.6148211;3.5905027;0.5784342;2.2446434;0.020354042;4.8081;0.31390446;0.034059174;7.0;4.1018395;0.218826
986;12126.0;3.0;1983.0;15.0;6.827222;18.052172;12.291105;16.311232;28.28298;15.26834;14.709939;18.774796;11.070959;5.925952;33.7;15.944372;40.610096
987;12157.0;4.0;1983.0;15.0;18.056847;83.63859;35.763855;89.56295;84.58381;103.058945;46.505493;74.50133;17.610664;2.3099675;80.4;71.12527;101.427795
988;12187.0;5.0;1983.0;15.0;192.48831;154.32048;137.76852;193.70538;186.90288;171.06346;151.60934;180.02232;97.62052;76.20919;244.6;175.1568;166.2241
989;12218.0;6.0;1983.0;15.0;124.38694;117.28637;130.56923;188.57745;145.22064;196.56203;126.15521;190.9702;121.43075;120.60483;314.9;279.2721;153.40959
990;12248.0;7.0;1983.0;15.0;173.83403;58.042862;153.23424;52.819935;44.200367;52.901844;194.09242;51.32413;236.54065;169.93896;49.9;66.46335;33.785656
991;12279.0;8.0;1983.0;15.0;136.92531;81.364265;102.28647;16.170292;21.433203;15.687922;109.327415;25.625317;92.30722;131.49898;11.0;21.105383;47.202076
992;12310.0;9.0;1983.0;15.0;143.61461;138.97032;149.21432;81.62306;110.06054;113.77274;116.38928;141.69101;187.81178;159.96617;103.5;131.1766;135.20042
993;12340.0;10.0;1983.0;15.0;13.54484;18.13812;14.065872;58.40647;48.53366;35.712383;19.568375;25.86705;6.0956798;4.3222723;23.3;44.885235;17.237732
994;12371.0;11.0;1983.0;15.0;0.030529529;7.860231;4.180264;31.627455;25.128555;22.744633;0.31911612;11.902198;0.0;0.0;30.4;31.3232;19.745296
995;12401.0;12.0;1983.0;15.0;2.3120167;24.952291;11.628561;65.54305;57.008636;47.231068;8.911377;46.496758;0.005745628;0.0;58.8;56.93792;40.569443
996;12432.0;1.0;1984.0;15.0;0.0;0.14915106;0.21992645;0.14763322;0.059178222;1.7501861;0.0;2.24608;0.0;0.0;3.6;3.4286993;1.0653247
997;12463.0;2.0;1984.0;15.0;0.0;0.12360891;0.89896584;19.449944;14.408271;2.5922282;0.0;4.799235;0.0;0.0;8.1;7.8260922;0.16758534
998;12492.0;3.0;1984.0;15.0;74.5791;116.80381;55.32391;82.77175;121.22593;87.91205;42.43937;77.902084;21.068262;7.8610053;75.0;98.555275;112.34059
999;12523.0;4.0;1984.0;15.0;50.37491;84.87543;59.10013;74.52097;69.69678;92.50068;36.802387;90.07474;52.469124;49.18574;135.8;87.162506;100.00295
1000;12553.0;5.0;1984.0;15.0;218.1981;215.2376;157.03908;102.50229;97.22944;166.25151;135.6532;182.13069;95.65471;128.55003;146.2;156.25041;151.29686
1001;12584.0;6.0;1984.0;15.0;146.7525;148.1597;123.66941;104.5835;109.29331;138.14636;125.71272;193.89543;99.44874;94.44024;165.9;172.9087;129.96033
1002;12614.0;7.0;1984.0;15.0;151.35063;150.0931;137.80441;62.322098;83.20163;99.96813;181.55193;117.026505;137.33377;124.036125;107.6;153.25328;96.627914
1003;12645.0;8.0;1984.0;15.0;161.16432;155.45682;155.48882;66.65101;106.76155;101.488266;185.43019;158.60791;155.15428;152.29875;146.5;145.82593;164.91588
1004;12676.0;9.0;1984.0;15.0;211.40433;175.54355;202.80229;163.20555;143.22745;205.97533;195.06276;236.70323;200.06686;215.35316;199.9;205.61179;214.67146
1005;12706.0;10.0;1984.0;15.0;80.17683;65.34928;70.41297;112.246025;107.25713;163.13069;53.364056;96.69709;64.923325;44.119;178.5;158.38234;102.03449
1006;12737.0;11.0;1984.0;15.0;2.310831;4.5579114;4.5956593;7.211047;5.184468;22.26287;16.227266;13.674522;1.2800399;0.0;38.2;23.919323;5.9358068
1007;12767.0;12.0;1984.0;15.0;0.15425128;3.013667;1.0453359;3.1965363;3.309729;7.0574856;0.16950606;1.1325557;0.0;0.0;17.8;5.3705664;4.9029455
1008;12798.0;1.0;1985.0;15.0;1.1725193;11.455149;3.531267;9.686138;1.4015312;31.220785;6.2816515;0.17431566;0.0;0.0;98.6;13.606651;1.4642013
1009;12829.0;2.0;1985.0;15.0;0.0;0.0;0.8826134;18.304348;10.243576;12.6579895;0.0;0.09284748;0.0;0.0;37.8;4.187258;0.15738402
1010;12857.0;3.0;1985.0;15.0;56.271004;54.63687;36.350002;85.504425;63.016613;46.68309;51.625973;50.84987;13.1781845;8.409265;63.0;64.50939;38.87375
1011;12888.0;4.0;1985.0;15.0;31.118183;74.697556;48.877117;146.10677;170.55504;139.71751;36.76682;126.00045;34.65373;14.246728;140.9;146.84615;110.90973
1012;12918.0;5.0;1985.0;15.0;113.459274;120.68383;98.15969;201.85338;157.1167;133.54202;102.3048;161.76897;50.069225;74.06347;201.7;128.8472;137.4255
1013;12949.0;6.0;1985.0;15.0;111.412315;166.74881;110.11671;87.900246;108.12319;133.69623;116.66079;152.48102;76.41012;90.16071;141.0;136.53807;132.07193
1014;12979.0;7.0;1985.0;15.0;275.95535;269.3669;234.00603;119.84444;148.6874;140.49109;256.36234;185.77176;188.5621;248.53345;133.2;152.42264;170.05917
1015;13010.0;8.0;1985.0;15.0;203.64456;197.40176;206.14946;73.50506;113.04802;78.72764;250.42249;134.17743;220.496;244.39082;129.2;105.27128;128.63136
1016;13041.0;9.0;1985.0;15.0;249.21982;225.88336;212.51282;109.71205;136.26575;134.72423;272.88675;180.0743;229.19981;168.4532;151.0;144.05862;174.53148
1017;13071.0;10.0;1985.0;15.0;43.909763;57.9113;49.389786;174.79926;150.83836;154.03299;60.81902;91.510315;33.436996;8.429962;146.2;126.20121;106.79048
1018;13102.0;11.0;1985.0;15.0;0.13407643;3.7627044;4.7559395;25.956099;23.204391;46.66377;1.6540976;24.117294;0.23009746;0.0;56.5;52.614536;14.65004
1019;13132.0;12.0;1985.0;15.0;0.0;0.1095506;0.2144067;0.439894;2.4481754;1.088286;0.0;0.5814663;0.0;0.0;3.6;2.7628052;1.4160342
1020;13163.0;1.0;1986.0;15.0;0.10587138;0.5641336;0.38637227;0.068904124;3.4914632;0.57335526;0.0;3.0708768;0.0;0.0;1.7;1.3612128;2.2217684
1021;13194.0;2.0;1986.0;15.0;2.0162995;28.251055;10.811837;43.451855;46.107002;46.18961;3.8461869;37.68307;0.012308029;0.0;72.3;38.68969;48.276978
1022;13222.0;3.0;1986.0;15.0;74.22748;73.551544;50.505367;114.54198;95.05398;83.82989;67.04492;66.20089;16.695484;13.798357;137.3;83.69807;76.44579
1023;13253.0;4.0;1986.0;15.0;58.385582;63.90692;61.093216;96.036125;107.73201;86.78196;63.941875;78.70734;76.2375;32.401062;110.6;73.28887;84.05275
1024;13283.0;5.0;1986.0;15.0;88.899574;122.05075;96.126305;109.1521;100.134224;118.51655;92.34387;106.729;91.16372;84.37138;140.8;145.01727;110.50685
1025;13314.0;6.0;1986.0;15.0;138.39555;139.3676;133.97417;210.4025;158.3455;157.11998;127.04167;158.18175;140.33249;114.82534;181.2;126.340034;121.477135
1026;13344.0;7.0;1986.0;15.0;125.713295;154.88431;158.14456;126.019714;147.7183;62.428585;176.85582;141.13142;182.39105;188.53412;71.6;95.085846;137.46802
1027;13375.0;8.0;1986.0;15.0;164.19559;115.025475;157.27881;13.421224;39.14603;21.644815;232.68971;32.32528;224.87262;166.17717;19.5;24.878668;56.694447
1028;13406.0;9.0;1986.0;15.0;140.90184;114.31048;156.05302;73.536446;91.5095;129.28499;170.11156;122.89533;194.20642;184.42746;127.0;108.26323;124.42208
1029;13436.0;10.0;1986.0;15.0;104.06527;119.598526;102.1769;148.33366;140.46106;183.24425;103.02764;144.43457;105.09374;62.79713;166.7;164.57115;108.93447
1030;13467.0;11.0;1986.0;15.0;0.5249442;3.0256705;4.6981125;26.714767;30.72729;24.11304;2.0794632;16.385456;4.34713;0.0;27.1;27.619078;17.095448
1031;13497.0;12.0;1986.0;15.0;0.0;0.0;0.039473478;0.87156165;0.1577548;0.3375662;0.0;0.00089741213;0.0;0.0;1.0;1.2531157;0.0007205716
1032;13528.0;1.0;1987.0;15.0;5.2122254;2.298857;2.3954935;21.521515;14.707377;4.609449;1.3175392;1.5119774;0.0;0.0;11.1;1.5164663;0.2098874
1033;13559.0;2.0;1987.0;15.0;0.70080066;7.6780562;6.217494;36.736652;31.374186;41.66107;4.218535;21.906076;0.0;0.0;43.3;39.649033;29.79189
1034;13587.0;3.0;1987.0;15.0;23.014854;84.28517;40.800663;95.320946;100.44997;92.870186;30.60511;117.332695;12.090303;21.669296;105.2;109.45419;103.54396
1035;13618.0;4.0;1987.0;15.0;13.229653;35.284485;25.329182;41.288277;47.096737;73.9455;44.80111;68.301285;21.46528;1.787984;60.9;104.0731;62.101105
1036;13648.0;5.0;1987.0;15.0;66.35231;146.39937;82.80852;94.04922;94.094925;110.60391;77.88207;136.28297;49.784355;68.30066;113.8;129.79945;137.38173
1037;13679.0;6.0;1987.0;15.0;156.72314;143.42006;150.39612;240.73647;203.46724;158.62209;179.18967;134.61328;160.42699;125.88308;247.1;150.2737;112.70074
1038;13709.0;7.0;1987.0;15.0;148.69672;102.07476;148.67029;68.65146;63.994366;74.97372;154.32262;70.42368;190.4363;191.76045;108.3;100.01233;46.745922
1039;13740.0;8.0;1987.0;15.0;218.09044;246.58066;224.05402;156.47586;201.87514;314.40677;231.81592;234.5952;230.97816;201.38553;412.9;230.02226;232.1381
1040;13771.0;9.0;1987.0;15.0;156.67157;222.58635;183.90639;304.9688;261.08868;404.88885;178.28899;356.83148;151.65549;130.85147;451.7;354.8969;268.11664
1041;13801.0;10.0;1987.0;15.0;67.40947;103.41746;72.76948;115.87493;102.72372;147.82742;77.12426;151.89723;57.378014;33.35639;249.0;148.00616;127.566124
1042;13832.0;11.0;1987.0;15.0;0.0;0.17641385;1.368734;11.572572;10.9035;12.207843;0.06381327;4.6566334;0.3142538;0.0;9.2;13.988514;5.9932384
1043;13862.0;12.0;1987.0;15.0;0.0;1.8063956;1.6636509;1.935563;12.363721;5.5672264;0.0;18.308355;0.0;0.0;16.2;8.013383;8.713424
1044;13893.0;1.0;1988.0;15.0;14.677656;4.18382;4.914403;0.029474948;1.0549794;5.4656816;2.2772508;4.7513194;0.72434455;0.0;13.0;11.361096;6.6752415
1045;13924.0;2.0;1988.0;15.0;12.500464;19.149513;14.303643;49.533016;49.36758;61.177746;11.514657;66.11569;0.64853644;0.106341064;54.0;60.321274;43.48235
1046;13953.0;3.0;1988.0;15.0;13.691139;64.284195;29.848713;93.10885;109.18498;100.74254;19.07776;99.12;6.8596835;0.029192869;97.9;74.433075;129.7347
1047;13984.0;4.0;1988.0;15.0;88.03517;89.281166;82.13882;114.09223;112.19049;113.82987;110.07902;158.35832;58.01496;46.977493;104.2;150.09839;142.41255
1048;14014.0;5.0;1988.0;15.0;129.37807;89.25369;108.636284;200.41763;200.7789;208.89087;126.3438;128.74791;99.59095;56.05512;220.6;183.40094;160.53406
1049;14045.0;6.0;1988.0;15.0;164.93184;160.67339;168.34093;207.2896;206.9414;242.11087;173.67982;233.54842;131.83249;165.15895;339.6;247.12343;221.62527
1050;14075.0;7.0;1988.0;15.0;251.46312;253.11693;217.6475;77.14493;124.76647;108.37694;313.52518;189.4071;196.79562;177.97728;118.5;174.9104;216.3093
1051;14106.0;8.0;1988.0;15.0;322.91037;296.43597;268.1634;10.982429;78.47585;51.142937;337.033;131.93819;292.20312;258.73337;47.8;70.68767;157.6363
1052;14137.0;9.0;1988.0;15.0;273.9871;185.99132;216.90689;251.50262;206.66328;259.70203;220.01013;236.77171;239.38577;149.82814;215.5;256.30945;206.77682
1053;14167.0;10.0;1988.0;15.0;29.785542;92.89267;51.5859;150.53716;146.34363;187.33278;46.252052;155.95552;35.149162;3.703477;176.9;175.85176;115.4814
1054;14198.0;11.0;1988.0;15.0;0.20137724;5.743736;4.5177608;11.589264;10.35219;49.6391;1.6040426;24.989267;1.5920448;0.042062454;99.4;28.883308;12.097741
1055;14228.0;12.0;1988.0;15.0;1.9236624;12.613531;5.1432037;14.930048;6.684895;38.21762;0.57024574;27.070198;0.029062133;0.0;61.5;45.58605;9.340114
1056;14259.0;1.0;1989.0;15.0;0.0;0.0;0.08713924;1.6818738;0.28067812;1.1147764;0.0;0.0015084161;0.0;0.0;2.8;2.2393053;0.02195944
1057;14290.0;2.0;1989.0;15.0;0.0;2.16896;0.76786095;3.3276877;2.5448608;3.1895726;0.0;7.358416;0.0;0.0;4.9;4.3092594;1.2872663
1058;14318.0;3.0;1989.0;15.0;37.583775;78.071915;49.201805;49.193756;58.39236;122.15119;75.26024;123.40657;23.775343;24.203016;94.9;124.26621;89.71673
1059;14349.0;4.0;1989.0;15.0;53.889763;48.32012;47.354446;122.09636;82.02803;95.29159;46.34694;93.61777;36.473606;22.748508;119.3;115.01857;68.45372
1060;14379.0;5.0;1989.0;15.0;71.41355;51.98925;74.79371;178.10083;164.58904;163.4657;56.957455;146.71692;54.2907;65.95157;188.0;165.61539;122.99088
1061;14410.0;6.0;1989.0;15.0;189.69081;254.48112;185.77791;271.91678;288.65536;267.67242;193.39206;287.189;142.50835;121.212776;251.2;294.76624;248.99051
1062;14440.0;7.0;1989.0;15.0;143.56177;147.53291;172.8235;123.96178;156.5212;136.36414;153.70116;185.09709;202.71716;207.82063;126.2;163.89767;170.55399
1063;14471.0;8.0;1989.0;15.0;290.0187;242.55327;239.06256;131.09344;170.7623;114.25367;307.8746;156.63829;196.40125;246.02156;125.7;128.62468;184.12819
1064;14502.0;9.0;1989.0;15.0;246.18216;170.21996;191.62282;65.36227;68.96191;119.451866;281.34634;139.93813;207.84737;159.47273;141.8;131.72719;73.67432
1065;14532.0;10.0;1989.0;15.0;131.69592;158.8921;107.31312;97.46494;122.93182;175.10437;102.05569;149.3221;60.06377;66.70469;226.3;162.89383;165.35788
1066;14563.0;11.0;1989.0;15.0;0.16973554;3.6973476;3.1062129;9.360836;7.180436;44.18125;0.086336024;6.990794;0.0;0.0;23.6;29.776073;13.248131
1067;14593.0;12.0;1989.0;15.0;2.682726;0.7339539;4.7968473;5.2211533;0.54360276;3.5548766;0.7008232;0.049610693;12.911362;6.3130937;10.4;6.2987967;0.056594208
1068;14624.0;1.0;1990.0;15.0;0.28911093;9.265044;1.6949295;2.2885861;1.7368829;1.0534801;0.27596667;4.2758064;0.0;0.0;0.9;1.8088354;5.02238
1069;14655.0;2.0;1990.0;15.0;0.6420955;16.336985;5.6188297;19.122757;14.077872;47.341507;1.0766077;16.770285;0.28506097;0.033547662;91.6;20.77348;16.304245
1070;14683.0;3.0;1990.0;15.0;0.48482838;17.516346;4.698932;20.250982;24.87027;20.319048;0.2686542;7.904576;0.0;0.0;21.5;17.639214;13.765727
1071;14714.0;4.0;1990.0;15.0;62.923088;87.49944;69.79906;161.58241;181.57806;137.0833;61.763603;118.05584;55.212868;33.150677;181.9;119.35894;153.42682
1072;14744.0;5.0;1990.0;15.0;87.797646;84.24113;83.42172;101.790245;114.08904;128.93777;65.72324;129.05519;81.13313;68.154625;135.2;141.25758;92.525055
1073;14775.0;6.0;1990.0;15.0;146.95923;123.85498;129.15321;204.75826;223.51372;191.66544;161.46664;117.29524;101.434296;99.7118;179.1;179.6487;135.7883
1074;14805.0;7.0;1990.0;15.0;202.19109;196.04237;209.78902;128.65558;227.83542;135.27383;220.788;260.77637;219.19514;210.97452;119.2;207.6785;248.98311
1075;14836.0;8.0;1990.0;15.0;236.59117;78.65003;170.43614;64.14758;77.76135;15.058961;201.37904;52.925526;219.7956;177.20917;13.8;24.993776;72.42322
1076;14867.0;9.0;1990.0;15.0;168.29239;152.38411;157.38898;112.52064;174.04433;121.00433;156.14919;141.75899;143.73366;160.54445;159.7;128.75603;202.29968
1077;14897.0;10.0;1990.0;15.0;56.162483;85.037994;48.496517;131.06252;113.63112;85.352104;43.504868;89.83099;26.98241;9.599828;170.9;93.19427;88.66996
1078;14928.0;11.0;1990.0;15.0;8.856523;13.304542;11.877443;59.09119;40.99053;67.10936;7.8560615;50.282593;3.5306764;1.2746009;62.8;78.26111;16.525454
1079;14958.0;12.0;1990.0;15.0;6.330552;33.74806;17.521904;49.55652;58.270218;93.859474;20.13298;54.370255;2.557248;0.0;142.0;71.76524;60.886673
1080;14989.0;1.0;1991.0;15.0;0.11582977;0.77087766;1.767533;9.00486;4.3775687;29.389267;0.26151812;5.0564866;0.0;0.0;85.8;29.194176;2.3959465
1081;15020.0;2.0;1991.0;15.0;9.817265;47.171223;18.51606;40.04613;38.36318;47.573223;15.135531;55.172882;10.68636;1.8768373;43.7;42.545685;44.747963
1082;15048.0;3.0;1991.0;15.0;50.76893;33.92554;42.604595;85.72235;86.442345;95.751755;57.92776;55.755016;30.172424;23.598385;70.1;85.73272;54.61063
1083;15079.0;4.0;1991.0;15.0;95.51538;143.09743;100.87551;137.75447;153.74673;210.75108;122.35982;168.48474;74.03372;41.179768;213.5;207.60945;207.33838
1084;15109.0;5.0;1991.0;15.0;255.6085;215.96252;215.31584;142.67972;132.52441;146.5789;234.1857;187.636;209.3288;202.65906;193.9;168.4442;191.99619
1085;15140.0;6.0;1991.0;15.0;187.70624;91.42554;151.74193;103.37856;84.822525;173.17523;125.907555;136.13928;197.0048;137.9966;195.0;203.70468;109.26998
1086;15170.0;7.0;1991.0;15.0;220.24692;309.3543;225.64688;156.53445;141.00684;228.45285;240.95763;183.409;235.12726;198.91325;313.6;212.8803;178.23119
1087;15201.0;8.0;1991.0;15.0;269.1892;169.86986;230.43805;62.571693;89.484764;71.451096;335.7625;70.10996;306.7897;216.71652;102.9;73.786804;97.47792
1088;15232.0;9.0;1991.0;15.0;167.89955;131.86464;130.64554;91.15622;101.72795;180.2159;187.66736;135.14384;138.77939;64.33475;176.9;157.92444;111.95091
1089;15262.0;10.0;1991.0;15.0;96.24289;104.56968;97.47577;125.83879;127.1194;155.9726;106.1374;109.945465;107.98706;67.85089;118.9;136.86348;99.30501
1090;15293.0;11.0;1991.0;15.0;0.040541343;0.17210752;1.5544426;19.798395;13.761813;14.185591;0.0;6.2573886;0.21170948;0.18217362;12.4;19.694967;1.9524375
1091;15323.0;12.0;1991.0;15.0;0.0;0.3632787;1.850967;6.392552;5.8614464;27.997255;0.0;15.208148;0.0;0.0;50.8;24.780722;2.5423348
1092;15354.0;1.0;1992.0;15.0;0.0034434274;0.0;0.15289877;3.9609666;3.7885993;0.022805868;0.0;1.9093875e-05;0.0;0.0;0.0;0.025995182;0.3333673
1093;15385.0;2.0;1992.0;15.0;0.06370756;1.6097054;0.38282725;0.913626;7.965153e-05;2.0017881;0.032556884;0.8022722;0.0;0.0;6.6;5.3906016;0.29926357
1094;15414.0;3.0;1992.0;15.0;6.2695284;5.917826;8.043754;30.67469;19.732111;43.389435;16.41913;17.567339;3.8897247;0.85713464;63.5;36.924873;11.119591
1095;15445.0;4.0;1992.0;15.0;70.132675;122.88131;73.925415;93.75888;96.535385;114.97157;81.28166;107.54325;39.844494;52.997875;173.0;95.672356;118.433846
1096;15475.0;5.0;1992.0;15.0;140.7026;182.91718;148.72769;281.34552;237.27173;198.39732;153.90524;181.96056;143.08752;102.28714;270.5;198.75165;197.18289
1097;15506.0;6.0;1992.0;15.0;123.9144;161.5562;128.69135;86.66434;96.09265;102.277145;148.5328;145.6789;136.54509;105.91632;166.4;159.43658;130.93622
1098;15536.0;7.0;1992.0;15.0;208.33443;135.96835;189.86444;48.80424;67.53087;54.99922;180.43185;85.24319;240.62074;239.58702;80.7;90.89247;80.16199
1099;15567.0;8.0;1992.0;15.0;178.80005;63.553303;158.50018;12.694399;13.149425;14.402792;162.70517;22.468155;205.36536;240.73157;14.0;15.132216;22.167189
1100;15598.0;9.0;1992.0;15.0;229.57797;215.97765;181.68944;150.87007;163.56566;186.61821;206.70877;238.35417;128.80705;134.95924;175.2;196.27576;221.3209
1101;15628.0;10.0;1992.0;15.0;36.679794;64.22253;51.721954;126.87485;72.51045;120.54141;66.67518;89.51739;58.623363;22.967941;112.3;112.70778;67.12502
1102;15659.0;11.0;1992.0;15.0;24.782116;30.682238;19.754347;27.242014;21.112099;33.86435;32.154762;36.835705;12.806289;3.5457745;52.9;47.17008;19.664207
1103;15689.0;12.0;1992.0;15.0;0.0;0.14395157;0.24517247;3.8036416;1.1422963;3.02306;0.0;0.12379027;0.0;0.0;8.2;3.7511897;0.4386543
1104;15720.0;1.0;1993.0;15.0;0.0034434274;0.0;0.026458088;0.0;0.0;0.26530078;0.0;0.0011265386;0.0;0.0;0.9;1.5619236;0.0
1105;15751.0;2.0;1993.0;15.0;5.8217406;23.782562;15.212753;72.91818;65.35076;71.87725;25.037794;34.612015;1.3063785;0.0;66.8;57.75993;52.981552
1106;15779.0;3.0;1993.0;15.0;32.455173;80.83458;36.703854;103.08383;75.7676;81.36669;37.341953;89.364365;13.526909;6.6279597;128.5;88.0847;70.01888
1107;15810.0;4.0;1993.0;15.0;20.236052;56.386925;41.38588;132.8082;126.24835;84.70941;42.0042;93.50421;33.68543;13.24154;122.0;110.17018;135.06413
1108;15840.0;5.0;1993.0;15.0;97.96484;89.11344;99.4723;115.4289;78.907196;227.89098;142.72725;144.4494;84.9478;78.36385;355.7;177.47354;88.76426
1109;15871.0;6.0;1993.0;15.0;109.56881;126.04991;130.83653;197.06506;146.36345;214.93839;121.27819;202.14563;144.81206;118.23182;296.4;206.18726;136.55603
1110;15901.0;7.0;1993.0;15.0;237.44089;150.29095;195.11925;93.979965;55.033363;126.44844;269.2152;94.21899;215.9036;195.97537;212.6;98.87089;87.2015
1111;15932.0;8.0;1993.0;15.0;221.18243;165.72165;187.71178;54.24859;88.57172;31.943512;199.49364;59.366238;219.40149;208.96588;35.4;38.68005;119.46729
1112;15963.0;9.0;1993.0;15.0;204.80817;217.8217;181.05278;148.26355;162.58788;176.13734;211.4038;188.34248;164.47131;145.80087;197.3;136.07004;172.11191
1113;15993.0;10.0;1993.0;15.0;53.149757;82.008865;55.06224;152.95453;111.30062;140.76035;74.57768;82.97763;35.26287;22.148212;209.5;115.65183;54.91275
1114;16024.0;11.0;1993.0;15.0;1.478284;18.49497;9.441359;69.29266;44.5818;67.8631;3.7590184;23.66058;2.1653132;0.00984092;99.2;43.222885;25.859337
1115;16054.0;12.0;1993.0;15.0;6.4260535;23.871267;9.203344;15.573095;19.030138;37.312595;10.330156;27.879292;0.11765259;0.018731546;26.1;25.976717;24.558783
1116;16085.0;1.0;1994.0;15.0;1.2457606;1.4395884;1.6939394;8.980158;2.0914702;21.108984;0.40077975;6.0233192;0.044227555;0.0;63.9;14.562035;2.1669836
1117;16116.0;2.0;1994.0;15.0;0.21365763;14.289626;5.0891867;46.767033;14.944769;31.33884;0.7565803;10.0399065;0.0;0.0;61.2;15.950303;20.568277
1118;16144.0;3.0;1994.0;15.0;39.640717;53.666744;29.809536;64.52754;47.776936;71.78576;18.382713;69.548164;10.0300455;8.324283;102.6;64.519585;49.733944
1119;16175.0;4.0;1994.0;15.0;61.510742;91.23795;71.67598;134.55179;125.12958;124.45442;83.27647;115.457664;63.189693;41.106422;206.4;110.51162;120.4896
1120;16205.0;5.0;1994.0;15.0;113.40254;75.97387;106.02013;139.08934;119.51881;129.09903;137.37021;96.08054;124.979164;84.929085;148.9;127.1752;86.74856
1121;16236.0;6.0;1994.0;15.0;147.92502;122.81859;150.9153;149.65686;120.94137;148.76804;152.8901;183.25288;156.1618;166.63718;138.0;199.2917;120.81156
1122;16266.0;7.0;1994.0;15.0;196.38327;150.52844;169.74994;85.76823;111.40166;60.206635;237.60664;108.16716;185.83653;163.87813;71.9;56.698566;97.673454
1123;16297.0;8.0;1994.0;15.0;226.21501;119.93126;215.78085;35.10517;63.297318;54.58833;238.84306;60.621742;267.02505;302.1197;48.5;59.945526;92.883224
1124;16328.0;9.0;1994.0;15.0;255.75214;182.69173;205.00337;77.60602;146.93303;94.11073;231.54161;155.84056;235.18011;177.80362;147.8;145.65652;151.7557
1125;16358.0;10.0;1994.0;15.0;192.59563;216.65437;163.85992;229.618;225.24423;180.5925;127.24286;231.47789;145.1873;108.484146;249.6;199.762;198.06909
1126;16389.0;11.0;1994.0;15.0;0.26597074;14.413391;9.286985;54.219868;50.875614;53.105022;0.449454;44.017647;1.4946599;0.0888078;39.6;56.636654;43.780216
1127;16419.0;12.0;1994.0;15.0;0.0;0.4758943;0.8843954;0.0;0.0;0.0;0.0;16.481503;0.0;0.0;0.0;30.00601;0.33917326
1128;16450.0;1.0;1995.0;15.0;0.0034434274;0.0;0.025094096;0.067676;0.0;0.4168567;0.0;0.00070647337;0.0;0.0;1.4;1.0057006;0.0
1129;16481.0;2.0;1995.0;15.0;1.0241237;22.213068;7.135075;19.00923;9.793523;39.06556;1.8312227;40.290432;0.0149637535;0.0;40.1;35.75856;20.613476
1130;16509.0;3.0;1995.0;15.0;22.04383;42.320595;35.585804;177.91147;170.8027;182.63547;31.858551;96.68075;9.566496;0.49703786;187.0;151.14685;112.03217
1131;16540.0;4.0;1995.0;15.0;100.50528;107.61581;92.62303;131.36604;131.50652;153.44463;95.47069;156.97675;38.90784;80.25646;160.4;183.44398;154.0225
1132;16570.0;5.0;1995.0;15.0;117.85954;160.9098;114.67929;160.09807;155.51553;148.70872;126.31226;165.51141;112.96055;57.21786;145.8;149.50958;153.33224
1133;16601.0;6.0;1995.0;15.0;136.68413;149.20174;128.2335;176.70927;156.01913;165.34198;148.2508;219.17053;101.154785;90.34298;147.2;199.8698;162.82211
1134;16631.0;7.0;1995.0;15.0;174.13248;218.71715;171.55138;60.944675;91.96472;110.258255;222.27351;158.55466;183.22961;145.98874;115.0;127.27309;134.30724
1135;16662.0;8.0;1995.0;15.0;355.42432;259.39548;303.5933;68.891914;152.39645;90.461174;393.79938;126.67443;387.63535;274.84006;131.5;101.52451;218.06726
1136;16693.0;9.0;1995.0;15.0;201.04716;198.84116;183.18336;101.51854;128.02249;87.84954;231.47614;112.4994;217.96512;150.57599;93.1;95.651566;150.8947
1137;16723.0;10.0;1995.0;15.0;127.25951;124.05136;107.46501;122.241234;109.19336;120.733986;139.83891;134.11856;107.63021;60.124462;82.9;141.13362;96.8431
1138;16754.0;11.0;1995.0;15.0;5.5083704;30.891008;10.789705;14.81134;13.117735;27.589724;5.862113;35.36348;2.2270443;4.4322867;28.7;24.499203;28.237604
1139;16784.0;12.0;1995.0;15.0;2.243162;10.4421425;4.8245964;19.849434;20.25865;20.221851;3.5744164;11.700123;0.32840505;0.009365773;19.8;26.782145;16.472101
1140;16815.0;1.0;1996.0;15.0;0.60130006;2.3441432;1.199476;2.108798;1.2739336;3.6743314;4.5510364;3.0514476;0.0;0.0;8.3;6.1532407;0.6549504
1141;16846.0;2.0;1996.0;15.0;4.020224;25.467037;16.938293;68.223236;55.489616;88.130714;17.583973;85.59796;0.8789108;0.076042116;88.4;88.85462;69.58142
1142;16875.0;3.0;1996.0;15.0;12.892226;62.49318;23.435545;50.506947;76.297035;60.192986;9.601889;77.05775;3.0906765;1.581496;78.7;69.06153;91.01052
1143;16906.0;4.0;1996.0;15.0;63.084843;69.35314;63.083973;101.42739;79.71554;118.993774;95.12541;123.83562;58.766632;25.67141;89.7;149.83151;73.32128
1144;16936.0;5.0;1996.0;15.0;107.674675;98.04979;121.703316;128.1343;106.59675;160.00401;88.618645;154.02934;137.60323;140.83705;213.7;147.65546;120.403145
1145;16967.0;6.0;1996.0;15.0;163.24251;179.85286;170.52658;218.9882;184.04857;210.56909;148.19568;189.84814;196.68695;151.76065;318.5;172.87901;160.63353
1146;16997.0;7.0;1996.0;15.0;194.58545;128.22241;161.61414;149.29759;170.75471;166.74652;173.42131;181.51978;134.9704;148.0278;146.5;199.71675;213.19926
1147;17028.0;8.0;1996.0;15.0;293.69562;229.48476;261.49426;107.78732;110.46856;109.19176;306.44443;145.31682;323.81467;270.54572;127.9;120.53875;115.43936
1148;17059.0;9.0;1996.0;15.0;191.98692;130.13019;166.32391;34.372066;71.330734;49.994625;221.70265;114.03142;183.17271;177.76212;45.7;74.77311;105.75286
1149;17089.0;10.0;1996.0;15.0;67.02853;74.5456;70.823006;114.28991;104.50704;105.35558;60.21061;94.91804;81.6147;51.507164;134.0;107.61279;82.47381
1150;17120.0;11.0;1996.0;15.0;0.0;0.14919092;0.89624256;5.5362515;1.5499852;14.325818;0.0;6.3780346;0.0;0.0;42.7;14.979079;0.4051305
1151;17150.0;12.0;1996.0;15.0;0.024728421;0.4798872;0.3831285;3.5420215;0.21037035;3.5935297;0.10228552;0.007075137;0.52552724;0.046828866;11.5;3.8177927;0.11807812
1152;17181.0;1.0;1997.0;15.0;0.2890021;2.8176837;4.88797;6.617208;12.869695;67.335236;0.8717338;13.78994;0.027049685;0.0;126.0;62.744698;23.781069
1153;17212.0;2.0;1997.0;15.0;0.3945169;0.80772775;0.38693258;1.0463108;1.0428456;0.59123886;0.24002412;0.8328142;0.0;0.0;0.6;0.25288934;2.1607196
1154;17240.0;3.0;1997.0;15.0;82.59327;101.218925;62.817963;138.4234;127.19078;119.75596;72.03646;93.41089;29.427303;15.530305;166.4;114.366455;93.07864
1155;17271.0;4.0;1997.0;15.0;80.808075;136.07336;83.51843;109.97794;98.376396;140.17932;98.76885;151.68672;51.11893;47.435307;212.4;153.22353;124.95351
1156;17301.0;5.0;1997.0;15.0;151.3249;150.64774;133.84138;157.95744;125.477486;147.35524;143.55014;127.57353;123.132095;108.09838;258.9;158.82022;138.7959
1157;17332.0;6.0;1997.0;15.0;153.05006;132.4414;164.13956;197.96767;180.88963;269.5963;149.83499;252.54227;192.53844;137.09088;430.1;304.50143;186.85568
1158;17362.0;7.0;1997.0;15.0;136.8953;150.53168;142.67125;94.416824;90.734535;96.52972;166.15395;94.644066;147.56885;157.83449;113.4;104.75782;110.41586
1159;17393.0;8.0;1997.0;15.0;96.15688;115.83466;121.018364;58.78865;69.42865;53.902336;148.89023;64.41405;170.44977;132.83672;72.5;65.503235;76.29212
1160;17424.0;9.0;1997.0;15.0;233.75589;134.81235;178.33212;122.15199;94.474045;153.75404;239.68738;179.76823;205.57774;129.25186;213.9;180.38567;100.85399
1161;17454.0;10.0;1997.0;15.0;113.21381;146.20341;112.76617;286.25165;222.24953;265.4716;115.43626;220.4436;57.802654;59.54405;396.0;270.48053;199.37257
1162;17485.0;11.0;1997.0;15.0;1.1909295;2.1274636;7.0004163;33.185795;20.213585;46.084557;4.658463;37.89774;8.040259;0.52255106;41.6;53.33778;14.388429
1163;17515.0;12.0;1997.0;15.0;0.8891815;30.13518;10.647007;45.076607;43.911877;46.116943;2.9148226;33.775433;0.0;0.0;57.9;43.0533;49.13282
1164;17546.0;1.0;1998.0;15.0;17.757729;31.6441;11.236756;11.835215;5.8363905;17.432287;14.822492;19.253994;0.43641412;0.0;41.7;17.12472;7.574587
1165;17577.0;2.0;1998.0;15.0;2.8269083;9.864094;5.2711544;22.346937;30.686281;8.151282;3.1926723;12.210331;3.3916678;0.31162298;4.5;10.010048;17.600468
1166;17605.0;3.0;1998.0;15.0;40.262386;13.294416;16.475363;11.736174;6.4723063;15.046153;31.255304;15.443416;2.7728896;2.3628669;22.5;19.148388;8.381347
1167;17636.0;4.0;1998.0;15.0;44.622265;131.29231;62.37675;45.26108;68.368546;52.12244;56.381668;94.569565;44.77847;50.450356;59.0;56.00021;97.15637
1168;17666.0;5.0;1998.0;15.0;200.65198;138.96915;169.76418;178.1901;206.10098;170.2467;164.45975;134.39084;177.52176;151.5549;166.1;166.30708;174.55234
1169;17697.0;6.0;1998.0;15.0;209.04315;115.992676;182.16687;180.40727;197.30437;194.94572;177.43039;174.08212;196.12784;179.64447;173.9;207.84064;179.43695
1170;17727.0;7.0;1998.0;15.0;227.52142;102.668045;174.96497;61.689865;107.46787;48.683094;213.36711;67.00417;164.57782;213.93736;18.0;54.820137;111.8261
1171;17758.0;8.0;1998.0;15.0;266.2918;145.27591;250.74359;60.37922;97.49114;51.562515;254.62029;68.9083;347.47192;323.29022;41.5;49.456703;111.49476
1172;17789.0;9.0;1998.0;15.0;171.2174;152.63011;189.78792;123.60204;123.383995;103.11156;200.10976;130.95265;264.8114;204.9297;89.8;100.15841;149.1363
1173;17819.0;10.0;1998.0;15.0;105.73324;141.31377;92.83956;129.77077;140.18752;141.17001;127.72908;208.45335;55.050476;27.455818;141.8;180.84096;149.4464
1174;17850.0;11.0;1998.0;15.0;0.8242599;12.369344;8.221725;50.421833;39.92291;59.397217;0.97703916;41.760815;0.32494125;0.08179525;84.5;62.348175;28.6393
1175;17880.0;12.0;1998.0;15.0;1.1936516;6.2508903;1.8992293;1.1137009;1.3977745;0.66878694;7.0522304;1.5455351;0.0;0.0;0.4;1.2293813;1.5786345
1176;17911.0;1.0;1999.0;15.0;0.14327921;1.7678038;1.7969837;25.87489;13.114359;12.061075;0.00059243036;6.900272;0.005745628;0.0;25.9;9.330056;6.1358175
1177;17942.0;2.0;1999.0;15.0;19.170645;32.22841;19.662968;58.6791;44.719208;105.760666;24.498177;43.76728;1.3403132;0.44813523;159.2;81.1207;42.081085
1178;17970.0;3.0;1999.0;15.0;45.8129;81.09928;38.237373;98.26766;99.42163;67.99175;46.45098;71.94451;8.559378;1.5820279;71.1;63.74397;78.44805
1179;18001.0;4.0;1999.0;15.0;57.05176;147.04465;69.02435;100.224236;86.481415;146.20178;90.409996;152.7142;37.204094;21.872232;203.2;150.9194;100.6884
1180;18031.0;5.0;1999.0;15.0;87.80515;101.90753;87.29525;122.37721;125.7881;121.257164;87.215126;90.68625;75.28912;72.72732;135.3;106.235825;110.704094
1181;18062.0;6.0;1999.0;15.0;136.229;128.23196;119.305855;158.53772;166.76076;187.79607;104.23803;157.0579;92.7796;92.72485;182.5;178.62102;169.08292
1182;18092.0;7.0;1999.0;15.0;246.87569;296.96713;226.1361;211.34753;228.46126;289.70288;231.538;295.81607;165.3274;184.49237;364.0;295.52414;276.3223
1183;18123.0;8.0;1999.0;15.0;182.08885;231.20634;213.14764;130.9841;167.0326;90.84895;239.94086;170.90451;248.95801;233.82664;93.6;117.05116;186.0277
1184;18154.0;9.0;1999.0;15.0;248.55301;136.10204;233.7209;134.70435;142.9932;122.98555;233.75343;115.05082;304.57227;282.15952;133.6;119.62966;138.50714
1185;18184.0;10.0;1999.0;15.0;150.49803;142.4217;135.21622;149.06728;142.68048;157.1248;113.36549;179.83978;108.86145;132.38791;184.2;181.84859;143.80054
1186;18215.0;11.0;1999.0;15.0;0.39477965;8.07815;8.797336;39.594208;48.580776;55.503273;1.874325;43.110966;2.6587973;0.2655214;49.9;66.45826;43.118153
1187;18245.0;12.0;1999.0;15.0;0.0;0.118129835;1.1296109;4.451155;0.6778477;16.950207;0.0;8.495338;0.0;0.0;38.4;22.839787;1.5610213
1188;18276.0;1.0;2000.0;15.0;2.0472414;4.3418345;1.3559082;0.43166763;0.9462944;0.22204974;1.9799795;1.6424707;0.14047827;0.0;0.7;0.32011917;1.423534
1189;18307.0;2.0;2000.0;15.0;0.0;0.08421681;0.37970397;5.1971664;4.5090895;0.34290648;0.0;3.8783855;0.0;0.0;0.6;4.1500273;0.7691848
1190;18336.0;3.0;2000.0;15.0;30.894894;58.583683;24.977135;103.9223;78.686;36.140476;22.26706;51.359703;1.8595293;0.4152067;41.1;28.454624;53.0284
1191;18367.0;4.0;2000.0;15.0;61.463543;104.43758;58.614574;82.3165;99.71713;75.161865;91.01318;90.11991;32.59164;17.29237;68.3;76.35446;104.88031
1192;18397.0;5.0;2000.0;15.0;120.30998;81.31214;89.20104;94.29007;74.09025;102.12919;91.30847;91.665245;82.27448;69.92928;134.4;105.61553;67.87671
1193;18428.0;6.0;2000.0;15.0;139.62054;126.84731;145.37024;146.65714;149.4945;143.26474;140.44527;144.25131;149.14813;159.43872;134.2;152.62054;146.24655
1194;18458.0;7.0;2000.0;15.0;268.1217;179.61362;195.80754;87.07804;145.66559;82.9687;195.93913;115.8089;162.5861;203.9477;53.4;91.01495;170.23425
1195;18489.0;8.0;2000.0;15.0;194.41336;138.11853;187.00021;73.38449;127.99988;94.491806;205.10861;114.26029;215.64316;215.0396;76.2;99.02138;174.46036
1196;18520.0;9.0;2000.0;15.0;157.21834;196.92659;167.34177;107.69146;150.91716;166.45436;163.53738;263.24783;156.19212;155.50179;168.2;235.9325;199.80876
1197;18550.0;10.0;2000.0;15.0;90.441345;101.280975;82.53515;65.33523;53.282776;80.063095;85.44411;116.67732;88.21264;61.838135;106.5;95.61529;64.04074
1198;18581.0;11.0;2000.0;15.0;0.02445093;0.22067766;1.5573332;16.891792;6.076926;20.020418;0.023199592;7.6100507;0.014898186;0.34798652;39.3;20.335999;1.7571397
1199;18611.0;12.0;2000.0;15.0;0.0;0.05245436;0.3343022;4.8547707;1.8834565;1.600898;0.0;3.2041285;0.0;0.0;3.9;5.3554893;0.54286313
1200;18642.0;1.0;2001.0;15.0;1.5458454;7.2719693;2.5175893;4.928587;2.0790439;3.3013713;10.447398;0.8987405;0.006047242;0.0;8.5;2.6657963;0.4863672
1201;18673.0;2.0;2001.0;15.0;0.34342906;6.2466507;1.5365397;0.63704497;0.20064384;3.2092242;0.611004;10.134785;0.0;0.007825805;5.0;5.5815487;4.0607142
1202;18701.0;3.0;2001.0;15.0;1.5268964;20.478325;9.384194;53.541374;51.061543;39.691776;3.1895745;29.314028;1.6369877;0.23799537;42.5;35.453384;38.525112
1203;18732.0;4.0;2001.0;15.0;42.22116;98.202705;48.51433;154.31145;112.595215;114.38988;46.369835;130.09578;17.573488;9.803644;162.5;123.656654;97.04909
1204;18762.0;5.0;2001.0;15.0;97.33738;119.70493;95.570694;143.1542;134.03104;155.80298;105.37439;145.86287;75.0845;62.645184;176.4;161.86554;132.42468
1205;18793.0;6.0;2001.0;15.0;132.23105;177.77771;138.2872;153.23766;160.15672;178.49217;149.6284;197.73474;120.72661;107.26578;173.0;188.39764;176.43047
1206;18823.0;7.0;2001.0;15.0;107.34222;58.700535;128.39667;46.582508;54.087383;41.27664;138.46152;43.374775;198.2429;180.16708;51.0;48.753838;45.80636
1207;18854.0;8.0;2001.0;15.0;228.22287;93.90684;183.03653;16.425339;21.412144;14.140278;191.17827;46.348812;234.50952;241.63942;16.5;19.72826;34.085407
1208;18885.0;9.0;2001.0;15.0;257.84528;212.23227;202.44424;150.81511;177.745;141.04573;234.84889;168.11487;195.53008;158.05267;136.8;146.6362;183.45528
1209;18915.0;10.0;2001.0;15.0;30.71578;41.690453;35.405266;65.23414;63.90418;58.88127;23.746113;53.628616;26.839285;33.540554;61.4;58.689102;55.99178
1210;18946.0;11.0;2001.0;15.0;0.31586394;4.2737837;2.0859401;9.964277;11.021035;8.919122;1.1682148;7.928497;0.03217368;0.059671253;7.7;8.47359;9.454712
1211;18976.0;12.0;2001.0;15.0;0.03449388;0.184671;0.5376855;3.583768;1.0552362;7.226234;0.038645733;3.0267477;0.08074962;0.0;16.8;8.095355;0.87668747
1212;19007.0;1.0;2002.0;15.0;1.279718;17.630945;7.378722;26.819319;21.049995;47.44199;4.0540833;31.047588;0.0057915254;0.0;91.4;51.88283;21.035557
1213;19038.0;2.0;2002.0;15.0;0.08755173;0.13259605;0.28428102;6.806101;3.2795813;1.1448872;0.0050571533;1.0465361;0.0;0.009507861;3.2;1.2731322;0.11684823
1214;19066.0;3.0;2002.0;15.0;36.26919;69.08397;33.70353;54.570705;57.98994;52.220673;50.40866;66.11097;16.504267;2.5533004;56.2;53.739952;62.203518
1215;19097.0;4.0;2002.0;15.0;37.87557;102.19015;52.35901;137.7128;145.44756;128.47568;57.194767;122.67433;20.802711;10.929644;132.4;126.0417;137.45767
1216;19127.0;5.0;2002.0;15.0;99.02579;87.108406;102.84999;119.87125;135.31172;95.51906;108.83399;74.465645;113.88577;102.683304;78.1;84.51894;115.43374
1217;19158.0;6.0;2002.0;15.0;106.20681;212.89343;158.85378;275.06033;300.40015;326.70587;168.38278;247.70207;131.30737;113.739845;312.0;308.9467;298.3767
1218;19188.0;7.0;2002.0;15.0;157.47365;198.61018;176.12837;92.777306;149.8517;98.38839;175.21439;127.682076;160.79971;221.57948;80.8;96.562645;175.43352
1219;19219.0;8.0;2002.0;15.0;326.40616;176.58627;232.62657;71.78499;107.28696;58.436687;264.0289;79.60373;252.63698;233.00359;51.4;58.036057;120.394936
1220;19250.0;9.0;2002.0;15.0;223.67233;98.89566;162.1082;43.09762;63.83031;73.03968;219.95667;71.08248;173.21484;161.80475;80.2;81.7685;74.9778
1221;19280.0;10.0;2002.0;15.0;86.71132;161.39163;114.40381;206.40385;204.20331;251.14223;115.06494;223.40843;73.52976;79.84841;293.3;263.00467;204.09416
1222;19311.0;11.0;2002.0;15.0;0.09859052;3.748945;4.794355;55.158707;41.915752;35.998795;0.3442047;12.742594;0.09187946;0.059671253;48.2;29.575457;20.273046
1223;19341.0;12.0;2002.0;15.0;0.03449388;0.16492811;0.10071052;0.17287438;0.18374859;0.745213;0.0;0.65321225;0.0;0.0;1.8;1.4189295;0.24504136
1224;19372.0;1.0;2003.0;15.0;3.9465911;24.03979;10.782188;31.476784;21.447134;67.57176;10.447299;43.154682;0.055941742;0.0;134.9;77.47996;24.06143
1225;19403.0;2.0;2003.0;15.0;5.396426;22.23777;9.535757;25.33716;28.237097;37.294464;5.5619903;37.08804;0.77910817;0.24429053;43.6;37.621876;31.612823
1226;19431.0;3.0;2003.0;15.0;26.01095;10.513164;19.213707;59.045773;29.756481;23.356169;22.71635;15.784664;19.554966;14.120702;44.3;21.716715;7.6119885
1227;19462.0;4.0;2003.0;15.0;75.84964;134.15329;97.357086;214.83385;215.78055;265.69098;91.891975;236.29726;61.587566;40.055843;290.6;269.44095;227.61934
1228;19492.0;5.0;2003.0;15.0;101.56029;130.67249;114.89218;76.860054;65.7;74.88944;161.01112;131.26866;139.01558;98.52019;91.2;92.49259;82.94614
1229;19523.0;6.0;2003.0;15.0;190.01625;197.78409;178.67792;158.92145;147.02747;173.32224;200.74982;212.93472;191.1305;140.45476;203.8;197.38046;165.99376
1230;19553.0;7.0;2003.0;15.0;164.1826;187.3058;180.27641;71.218575;111.270515;48.388092;197.89012;97.68709;189.86179;233.11543;20.4;46.24821;128.47374
1231;19584.0;8.0;2003.0;15.0;289.6342;168.3355;262.1033;64.61245;104.60728;134.52747;311.11188;143.76373;305.66806;315.25784;168.0;156.59283;144.17448
1232;19615.0;9.0;2003.0;15.0;241.42209;317.2437;240.64046;188.34442;232.47238;201.0452;286.1168;262.16632;233.45862;187.85207;190.0;211.6021;267.32422
1233;19645.0;10.0;2003.0;15.0;103.65688;150.53334;91.27099;149.76013;92.966225;204.7824;107.57166;227.34648;52.223038;25.05463;298.7;242.15233;115.470505
1234;19676.0;11.0;2003.0;15.0;14.886082;25.451883;19.592201;63.835705;59.91568;68.99176;23.908297;52.43988;12.070065;0.6958506;81.7;68.40863;49.093094
1235;19706.0;12.0;2003.0;15.0;0.03449388;0.039332908;0.52525216;16.702427;6.8467503;3.467295;0.0;0.35346606;0.0;0.0;9.7;0.7413467;0.45506293
1236;19737.0;1.0;2004.0;15.0;8.916206;21.060719;9.563538;21.003428;17.200953;35.893147;12.309281;24.017794;1.2399298;0.0;67.9;39.262592;17.804647
1237;19768.0;2.0;2004.0;15.0;0.8133682;18.400736;5.9110746;16.305079;16.189936;22.692957;1.6590413;29.17902;0.0;0.009507861;24.0;22.325756;23.264975
1238;19797.0;3.0;2004.0;15.0;4.77366;19.993921;8.15562;26.18161;23.720625;24.964163;8.720453;24.891209;0.9384344;0.36580858;32.0;26.444052;21.997307
1239;19828.0;4.0;2004.0;15.0;82.78445;155.18994;79.04664;73.77774;80.99945;87.32907;90.89309;153.9633;49.458824;33.852203;94.8;102.95512;119.04409
1240;19858.0;5.0;2004.0;15.0;117.00802;164.4386;144.53265;204.88815;186.07361;253.26685;134.32466;237.65561;158.81084;105.81264;295.6;269.79248;196.07915
1241;19889.0;6.0;2004.0;15.0;176.78203;119.9412;148.96407;157.56558;163.00842;168.76074;143.30064;141.52225;147.30641;136.29555;158.7;164.0705;151.44644
1242;19919.0;7.0;2004.0;15.0;247.62395;181.28624;205.90396;94.61269;138.56802;118.864944;260.0918;131.7936;200.24353;206.10242;116.0;125.4278;156.5174
1243;19950.0;8.0;2004.0;15.0;190.90547;154.1877;182.69812;39.39327;76.307724;61.45475;203.58752;88.73113;261.2815;182.8321;52.4;61.67815;117.19635
1244;19981.0;9.0;2004.0;15.0;195.80759;187.96057;190.30598;236.04597;208.51157;325.74335;168.30049;312.29666;154.55238;172.47635;425.5;372.16064;222.03044
1245;20011.0;10.0;2004.0;15.0;37.006557;167.11275;69.61742;190.6071;136.06134;199.53549;64.40448;225.7089;29.852997;7.7058287;250.3;207.26549;173.21504
1246;20042.0;11.0;2004.0;15.0;5.0919504;14.373779;10.919693;42.993187;35.974102;58.950573;10.554894;37.526863;3.5651217;1.2655574;82.2;61.91276;29.70995
1247;20072.0;12.0;2004.0;15.0;0.19168708;3.5807047;0.75416917;0.0036843685;0.0178515;0.32210636;0.4567697;3.8374753;0.0;0.0;0.4;2.2558224;1.8785716
1248;20103.0;1.0;2005.0;15.0;0.13795817;0.06441024;0.09829551;0.17136037;0.076256216;0.72105163;0.00059243036;0.53787005;0.005745628;0.0;1.5;1.0812963;0.15005237
1249;20134.0;2.0;2005.0;15.0;4.6787148;27.722315;12.586151;34.262726;55.34853;35.538902;8.067558;37.02907;5.100104;0.43451986;16.1;30.505371;52.014748
1250;20162.0;3.0;2005.0;15.0;35.05604;86.98962;49.445683;173.62325;169.32991;174.0075;40.603367;133.11032;13.780002;5.8001127;204.9;171.39719;149.53381
1251;20193.0;4.0;2005.0;15.0;43.039547;72.89454;45.855736;65.04741;73.59075;72.11292;68.32881;78.1082;37.05999;13.100945;77.2;75.93035;78.33047
1252;20223.0;5.0;2005.0;15.0;66.83643;84.730446;98.37786;176.37598;148.72578;227.08647;94.603386;172.87645;112.29947;78.49234;286.2;240.53879;139.13977
1253;20254.0;6.0;2005.0;15.0;116.42519;119.751495;148.35371;189.61548;198.54683;208.91014;150.06427;150.16289;155.99968;166.01765;204.3;200.28876;175.27794
1254;20284.0;7.0;2005.0;15.0;251.84828;97.58053;221.30057;101.91634;112.73728;117.43678;213.64474;78.81688;296.68918;275.84085;149.2;118.40308;107.77134
1255;20315.0;8.0;2005.0;15.0;161.5587;116.98604;163.6459;47.25537;47.605476;64.46565;201.8234;90.607124;219.86789;192.58224;91.7;77.985756;66.25328
1256;20346.0;9.0;2005.0;15.0;155.16571;166.62619;150.40605;85.83038;104.48772;98.381294;149.0478;136.6977;139.00272;169.51007;102.3;109.81001;125.05526
1257;20376.0;10.0;2005.0;15.0;83.18895;77.06215;73.22353;101.846954;86.014565;101.84561;81.55667;97.21702;62.851482;54.001785;129.5;109.02771;78.226395
1258;20407.0;11.0;2005.0;15.0;0.09808237;3.047663;5.9338546;64.22654;54.31013;48.49793;0.0794744;15.243821;0.0;0.059671253;52.4;38.193203;28.564064
1259;20437.0;12.0;2005.0;15.0;0.03449388;0.676461;0.4505611;2.2195556;3.504644;2.7425728;0.0;1.0412095;0.0;0.0;3.2;2.7686625;2.633741
1260;20468.0;1.0;2006.0;15.0;4.5780244;26.604544;7.407272;12.078128;18.677904;8.995799;6.626352;21.139217;0.09427287;0.0;1.3;9.396006;21.089405
1261;20499.0;2.0;2006.0;15.0;9.267672;5.598643;6.28409;6.951204;9.16659;4.684031;16.13426;1.4618549;5.7259574;0.7577079;1.1;3.3937798;5.994641
1262;20527.0;3.0;2006.0;15.0;5.4586415;43.334026;21.08457;98.29135;123.6331;89.02331;10.956769;49.995102;1.1759315;0.3218178;78.0;75.17975;100.64196
1263;20558.0;4.0;2006.0;15.0;36.761326;98.498184;45.72102;55.78626;61.441803;58.50152;66.09694;106.8335;27.961937;12.661558;58.5;70.46182;80.62172
1264;20588.0;5.0;2006.0;15.0;107.335945;214.47208;129.28802;222.00645;241.57436;190.63261;164.12898;194.87267;97.38495;61.91381;163.7;178.23029;232.7416
1265;20619.0;6.0;2006.0;15.0;102.44703;102.97847;109.80581;183.38098;171.4417;209.88857;94.139175;161.29587;98.12909;93.95798;231.6;212.97795;155.27303
1266;20649.0;7.0;2006.0;15.0;150.97931;76.06467;129.50288;57.603916;35.321526;86.11302;94.75893;100.81881;121.22352;196.7692;139.2;111.057106;46.058983
1267;20680.0;8.0;2006.0;15.0;218.28117;181.8265;202.54697;36.04348;65.46062;27.143654;243.24925;75.74691;227.60687;251.04774;14.4;28.353613;92.100685
1268;20711.0;9.0;2006.0;15.0;219.6585;241.05263;225.17802;182.82088;195.59514;220.36774;260.3374;250.97227;236.76657;201.3597;251.6;244.881;219.0801
1269;20741.0;10.0;2006.0;15.0;114.68364;95.18724;98.2426;135.71231;133.32663;142.20876;94.06432;115.88985;85.94534;75.53947;162.0;143.75005;120.40782
1270;20772.0;11.0;2006.0;15.0;4.454603;20.730316;10.425919;45.414604;45.686348;43.54535;5.9971128;42.248833;0.25244763;0.11988601;42.5;43.535072;39.191296
1271;20802.0;12.0;2006.0;15.0;0.03449388;0.037360903;0.075234175;1.3937747;0.65033185;0.314872;0.0;0.35359973;0.0;0.0;0.9;0.6475031;0.077321745
1272;20833.0;1.0;2007.0;15.0;0.14884765;0.04354135;0.057081915;0.0;0.0;0.05895573;0.00059243036;0.33748573;0.005745628;0.0;0.2;0.483355;0.0065185204
1273;20864.0;2.0;2007.0;15.0;6.8283563;9.609247;5.0301714;11.942731;11.606586;13.256457;3.0868893;14.170022;0.27339894;0.330192;14.5;12.672317;12.75325
1274;20892.0;3.0;2007.0;15.0;7.237897;31.592136;22.647663;80.467125;68.13672;88.5171;34.897026;53.26113;18.966185;1.8392625;118.8;83.9237;56.636856
1275;20923.0;4.0;2007.0;15.0;86.37941;94.68238;69.04374;63.513138;59.731297;63.892677;90.10286;97.53162;60.87521;33.53343;77.3;73.87975;71.46752
1276;20953.0;5.0;2007.0;15.0;171.73071;226.02245;156.46954;177.53644;196.33844;168.61241;197.13716;198.53868;126.29284;88.867325;149.9;168.64316;207.72739
1277;20984.0;6.0;2007.0;15.0;164.7854;176.00752;170.75964;194.29335;138.89539;257.57684;163.87134;268.49255;157.64662;161.91513;337.7;297.60736;160.1784
1278;21014.0;7.0;2007.0;15.0;121.644;191.71468;172.68709;184.63144;195.88457;194.0771;192.9813;201.71701;184.91203;178.8676;240.1;209.56064;198.31683
1279;21045.0;8.0;2007.0;15.0;266.4122;203.0486;250.37222;87.64248;122.31815;72.41082;287.14297;105.94646;288.4743;305.8884;72.6;72.27989;139.40063
1280;21076.0;9.0;2007.0;15.0;242.49193;229.43839;201.24411;182.78021;219.7552;185.08917;243.90088;197.80914;186.60551;136.87431;183.4;190.4541;225.55345
1281;21106.0;10.0;2007.0;15.0;70.58516;85.51488;71.58111;189.19919;164.59283;242.13406;76.7953;176.27658;45.116257;10.47908;308.4;255.23177;149.40433
1282;21137.0;11.0;2007.0;15.0;3.5716772;22.18489;12.06254;46.38315;39.79088;42.960957;10.998721;47.69499;6.6856847;0.65186155;52.3;46.73975;35.57559
1283;21167.0;12.0;2007.0;15.0;2.9100227;1.5456153;5.343975;38.09528;11.0395155;59.215374;2.3816926;22.982658;0.98820233;0.05449268;135.4;64.2159;6.689319
1284;21198.0;1.0;2008.0;15.0;0.14884765;0.11668761;0.7096181;3.0668378;0.8684769;10.167626;0.00059243036;4.7443795;0.005745628;0.0;24.3;12.022982;1.0525678
1285;21229.0;2.0;2008.0;15.0;2.3042126;23.13526;6.7033195;13.9351635;13.356537;10.268737;4.6760936;36.536255;0.024269719;0.009507861;7.5;13.854319;21.170612
1286;21258.0;3.0;2008.0;15.0;14.496646;46.60765;28.868359;107.8736;107.30336;114.7744;36.796257;63.36591;12.9105625;1.2696942;142.9;107.58097;85.3785
1287;21289.0;4.0;2008.0;15.0;49.324444;60.03512;44.946342;94.09891;71.48451;69.32742;56.107315;71.19916;36.18548;19.15446;90.3;70.58288;59.32477
1288;21319.0;5.0;2008.0;15.0;181.30896;139.77121;159.25502;174.90262;119.96305;212.99184;147.90225;222.10335;145.73457;153.5707;288.6;244.22147;128.80486
1289;21350.0;6.0;2008.0;15.0;206.47607;219.90762;182.4105;225.64569;211.67123;271.82816;210.21442;259.89365;153.98949;111.90436;303.9;280.30826;219.26395
1290;21380.0;7.0;2008.0;15.0;247.64125;226.5897;230.03181;199.60046;245.7751;177.8555;255.07816;238.88666;242.16295;194.83577;172.7;217.95697;260.18564
1291;21411.0;8.0;2008.0;15.0;221.70128;209.84998;248.68718;48.418232;88.170044;33.728165;338.9383;126.03441;365.66544;268.14832;15.3;63.500015;123.57711
1292;21442.0;9.0;2008.0;15.0;285.627;221.37541;234.77493;151.97148;136.74481;205.7192;235.40517;237.00949;239.47209;215.02647;266.3;232.99234;184.71077
1293;21472.0;10.0;2008.0;15.0;81.28082;104.16376;81.33065;117.18876;109.678604;137.29582;84.872696;138.17984;66.3064;51.55771;165.3;150.34079;112.23355
1294;21503.0;11.0;2008.0;15.0;0.6753325;5.031654;8.180662;69.23068;59.428017;37.799835;4.1751575;35.059258;3.0217996;0.13520874;31.3;50.56819;36.131897
1295;21533.0;12.0;2008.0;15.0;16.425997;6.948159;6.685521;14.016357;5.7819815;15.412954;3.6264174;16.527481;0.4791055;0.014048659;35.0;29.889257;3.0011215
1296;21564.0;1.0;2009.0;15.0;0.4874227;15.361907;4.4539194;17.15668;25.11711;15.364127;1.5583221;1.692806;0.005745628;0.0;0.3;7.4706907;21.955446
1297;21595.0;2.0;2009.0;15.0;2.440439;16.543259;9.700327;48.547035;54.800964;25.933413;10.152524;16.40404;6.497522;0.4243376;8.3;14.7669325;38.200615
1298;21623.0;3.0;2009.0;15.0;20.983887;42.455082;21.389612;43.136814;43.067127;43.900455;21.989796;52.657516;8.657828;4.7656307;54.8;47.13982;43.662716
1299;21654.0;4.0;2009.0;15.0;24.252974;116.92572;66.18117;158.4623;162.37967;199.9895;86.420906;166.55803;52.283695;11.652582;226.5;198.5253;178.13547
1300;21684.0;5.0;2009.0;15.0;77.94015;102.03352;80.09451;163.27425;159.85847;143.85454;93.13059;113.81769;61.797977;41.616783;150.0;137.73953;135.33405
1301;21715.0;6.0;2009.0;15.0;164.9331;151.07353;173.47241;288.2341;232.4188;348.65048;143.70741;243.26788;193.61311;137.6422;457.5;347.70502;184.51271
1302;21745.0;7.0;2009.0;15.0;213.0171;193.10698;195.10928;134.51003;125.53999;148.32849;238.67592;121.59097;207.78905;192.12967;208.9;129.334;125.03298
1303;21776.0;8.0;2009.0;15.0;250.4381;138.83649;214.74667;59.32727;95.393555;34.63972;296.12622;54.986847;281.03622;226.62785;20.2;32.071392;104.77013
1304;21807.0;9.0;2009.0;15.0;226.56009;112.81753;173.32559;67.009285;107.657845;62.330276;174.14107;93.069954;200.82265;181.6812;33.5;74.83453;123.15465
1305;21837.0;10.0;2009.0;15.0;152.81108;81.84791;115.91804;103.15309;117.54001;131.53767;99.56772;180.74004;112.229126;91.90292;136.2;198.71239;127.7021
1306;21868.0;11.0;2009.0;15.0;19.728395;28.912;20.62435;46.036808;36.553753;62.429855;32.46548;43.38554;15.96309;0.74797857;92.7;55.805847;33.59975
1307;21898.0;12.0;2009.0;15.0;3.8235395;1.2492514;1.3429298;7.2706738;2.9722908;1.589317;0.8139304;0.24382226;0.11062603;0.0046828864;4.5;0.3749958;0.17160755
1308;21929.0;1.0;2010.0;15.0;0.12702693;3.0434532;1.8208048;15.380152;17.455889;9.024161;0.00059243036;0.7240548;0.005745628;0.0;4.0;4.086645;11.593703
1309;21960.0;2.0;2010.0;15.0;2.3938005;7.6417027;6.0754843;43.159367;38.163925;19.326105;6.4918046;22.252136;0.14446285;0.09507787;14.8;25.30681;24.083397
1310;21988.0;3.0;2010.0;15.0;9.109843;81.10175;32.180523;120.06979;124.9601;135.7146;25.76275;92.314384;0.45366308;1.6067376;158.5;116.661514;118.19783
1311;22019.0;4.0;2010.0;15.0;76.83778;80.40369;58.745865;59.681263;80.59558;58.6783;90.74152;60.79113;54.532097;12.373636;48.3;55.78833;83.60105
1312;22049.0;5.0;2010.0;15.0;148.09836;119.39138;131.86856;133.60005;104.62006;165.9297;132.02077;130.29588;113.81616;139.77565;215.7;156.1036;102.33892
1313;22080.0;6.0;2010.0;15.0;201.26498;95.1693;162.47174;236.40244;141.43292;292.6174;174.23305;171.812;165.36761;138.17331;415.3;280.02405;111.132416
1314;22110.0;7.0;2010.0;15.0;145.57967;116.35622;143.12633;149.18918;147.25793;204.28358;158.88312;111.8064;136.67747;148.20212;278.0;176.67448;140.42891
1315;22141.0;8.0;2010.0;15.0;261.76785;282.34842;236.1338;71.231316;112.155525;73.377;334.0251;138.75838;241.13158;217.92293;71.4;78.55553;155.99384
1316;22172.0;9.0;2010.0;15.0;253.84526;256.85275;232.29753;285.42392;269.61633;343.24512;309.307;257.3363;239.56796;121.63968;407.0;310.3364;293.23706
1317;22202.0;10.0;2010.0;15.0;95.25139;143.92532;110.53058;171.43575;154.75179;190.03482;103.76327;144.7972;81.33586;101.125854;243.2;170.19963;150.46593
1318;22233.0;11.0;2010.0;15.0;11.7498045;43.713478;22.49021;100.260284;78.45719;111.37936;16.581093;83.38618;1.2911966;0.31867132;159.0;107.807236;64.687454
1319;22263.0;12.0;2010.0;15.0;0.03449388;0.21208738;2.0466228;8.354762;1.3261062;31.905474;0.0;13.684559;0.0;0.0;71.3;37.692234;3.8276284
1320;22294.0;1.0;2011.0;15.0;0.12702693;0.03262268;0.2456512;0.68846947;0.18801937;3.1683521;0.00059243036;1.6743277;0.005745628;0.0;7.4;4.201328;0.34500498
1321;22325.0;2.0;2011.0;15.0;18.522242;38.24837;23.343979;70.94834;67.00777;83.334465;23.625408;67.70302;7.392222;3.0239325;101.3;82.66535;59.319996
1322;22353.0;3.0;2011.0;15.0;18.32906;28.231724;19.799894;22.585587;24.673777;8.6070175;26.370031;24.438652;17.364885;15.713923;2.9;13.717143;23.150173
1323;22384.0;4.0;2011.0;15.0;40.232845;97.48204;49.743305;87.27393;99.06963;91.47326;63.695614;104.517784;28.144566;13.013888;91.6;88.63457;107.3402
1324;22414.0;5.0;2011.0;15.0;128.18178;115.30572;111.354485;170.6632;126.02975;184.89043;108.44233;134.57143;91.96934;89.857666;243.9;170.38353;109.85258
1325;22445.0;6.0;2011.0;15.0;79.3728;144.89255;101.663315;158.26544;139.68195;164.72597;127.55031;180.04811;100.78101;55.157875;185.2;175.81096;140.2147
1326;22475.0;7.0;2011.0;15.0;119.19443;130.07498;113.01768;140.14066;169.02367;122.57692;136.84402;109.295044;118.50686;67.42242;131.6;121.287384;155.14354
1327;22506.0;8.0;2011.0;15.0;214.57271;107.52991;191.92578;46.75215;80.925896;40.265495;224.39195;45.441513;294.80038;203.5089;30.5;36.900944;89.08349
1328;22537.0;9.0;2011.0;15.0;200.23691;200.23064;185.5352;82.334175;103.67195;90.65514;266.20947;170.05006;237.97752;129.04062;89.1;116.60747;134.63834
1329;22567.0;10.0;2011.0;15.0;104.58621;143.87994;121.01052;292.35947;256.36948;286.78122;120.96506;220.21732;100.877556;59.81333;352.7;290.09012;211.4351
1330;22598.0;11.0;2011.0;15.0;0.104367204;0.5463625;1.3889364;14.329454;8.73312;14.405296;0.0;5.2484775;0.0;0.06951217;24.2;13.617999;4.4365044
1331;22628.0;12.0;2011.0;15.0;0.03449388;0.037360903;0.77832603;0.0;0.0;0.08843359;0.0;0.35356152;0.0;3.2542994;0.3;0.5767075;0.0066236253
1332;22659.0;1.0;2012.0;15.0;8.159029;6.201539;3.4119751;0.88232887;2.6409473;2.3795142;3.6259265;3.2768419;0.22487932;0.0;5.4;3.6339662;3.4129076
1333;22690.0;2.0;2012.0;15.0;11.877595;24.741617;17.642658;87.906784;63.78529;67.91313;21.961105;37.83294;4.8751507;4.7971225;95.8;58.661633;37.612442
1334;22719.0;3.0;2012.0;15.0;9.927894;15.909407;9.101736;30.565771;25.231522;28.634056;7.329004;21.76815;0.5126513;2.213362;40.6;28.978022;20.501167
1335;22750.0;4.0;2012.0;15.0;72.144325;89.32448;69.30676;147.71967;165.47508;157.73772;87.800575;102.28468;45.218468;19.474226;163.8;147.27309;148.48943
1336;22780.0;5.0;2012.0;15.0;177.07027;126.43826;144.84752;145.92082;135.53308;167.19131;159.70207;144.77283;144.7438;116.102135;194.9;173.85954;132.08366
1337;22811.0;6.0;2012.0;15.0;160.65169;167.8922;162.83641;238.10059;201.76524;257.8368;208.21437;218.79535;179.45805;94.250626;303.3;269.56683;186.21935
1338;22841.0;7.0;2012.0;15.0;250.49875;192.31554;201.27861;66.10807;96.0657;70.54004;223.36032;138.01035;214.96567;199.94672;66.5;83.660645;123.729614
1339;22872.0;8.0;2012.0;15.0;151.22505;85.91927;134.1657;32.697815;45.818348;28.786673;126.14106;46.592243;172.79382;174.58101;31.0;31.512613;53.803394
1340;22903.0;9.0;2012.0;15.0;252.23544;233.52252;215.50978;165.6848;168.86557;214.77315;239.40044;253.90991;203.73996;173.69;256.8;244.96072;197.98184
1341;22933.0;10.0;2012.0;15.0;72.67722;105.93482;75.945854;122.68923;119.68047;133.57242;94.27584;121.80032;64.60022;34.050636;153.1;135.52245;117.06631
1342;22964.0;11.0;2012.0;15.0;0.08254978;1.084195;4.375861;33.095528;19.557144;50.15126;0.5280317;25.382149;0.06771834;0.054915737;84.5;55.458664;12.268382
1343;22994.0;12.0;2012.0;15.0;0.0520153;1.610066;2.1808624;15.940838;10.645846;10.7043085;0.0;1.9246123;0.0;3.7571132;20.9;6.610211;5.2813277
1344;23025.0;1.0;2013.0;15.0;0.5027364;2.225909;3.6443129;24.706594;16.909634;38.29778;0.17781308;17.971512;0.044234112;0.0;79.5;42.34968;10.773375
1345;23056.0;2.0;2013.0;15.0;5.0065784;13.332569;7.8191533;26.73893;24.158556;33.188416;6.0547495;26.65609;1.8104756;1.0720829;42.9;33.660168;21.799603
1346;23084.0;3.0;2013.0;15.0;13.526696;90.82734;34.993065;107.77227;120.60961;113.02595;26.462301;90.21628;10.501525;1.7687923;136.7;113.605705;110.87369
1347;23115.0;4.0;2013.0;15.0;96.1938;121.178375;107.47044;168.10304;173.83778;153.71251;127.26195;137.16786;111.16828;69.8601;169.2;151.52414;154.06909
1348;23145.0;5.0;2013.0;15.0;122.39223;149.9508;128.75581;233.51901;201.73334;285.10016;130.97083;242.33455;102.93809;75.640816;339.6;298.21262;196.9192
1349;23176.0;6.0;2013.0;15.0;150.3815;108.31761;135.30943;129.05936;120.86055;127.03052;121.713806;128.66644;130.64813;152.05052;137.8;134.1624;113.44236
1350;23206.0;7.0;2013.0;15.0;156.45665;105.57592;139.87807;54.772472;63.24189;62.199165;150.47052;80.60722;155.7096;170.1188;74.7;69.22249;74.62511
1351;23237.0;8.0;2013.0;15.0;171.30959;90.92066;165.32545;9.1749935;22.85703;9.328189;136.99;32.6506;205.44444;269.10165;3.6;11.322333;40.03814
1352;23268.0;9.0;2013.0;15.0;142.66377;134.8263;127.90545;128.06807;129.03474;150.17143;141.00539;161.88628;115.83937;103.32698;176.7;166.23897;135.76709
1353;23298.0;10.0;2013.0;15.0;108.09927;107.309814;89.55454;90.82122;99.143456;85.36522;102.913284;98.02747;74.90015;65.42695;97.2;93.561226;92.559555
1354;23329.0;11.0;2013.0;15.0;4.6627316;8.466111;9.510636;72.16685;77.1071;44.33943;5.3460703;8.715508;2.9754198;0.20632419;29.8;27.99085;42.64015
1355;23359.0;12.0;2013.0;15.0;6.529129;27.743105;9.139355;15.521229;22.606436;16.60504;10.073821;22.914587;0.29508185;0.014048659;15.4;18.29707;27.616976
1356;23390.0;1.0;2014.0;15.0;6.7429996;12.333678;6.4005146;14.08471;11.750035;21.965103;9.497878;15.663082;1.0204377;0.0;41.0;24.35228;11.309352
1357;23421.0;2.0;2014.0;15.0;1.9359205;8.72002;7.687347;49.13157;34.027878;57.15418;5.390941;32.298916;0.4016618;0.060654208;84.6;54.020885;24.226597
1358;23449.0;3.0;2014.0;15.0;10.961166;44.360546;23.158125;88.20999;79.112625;81.182014;29.706944;57.009598;10.059841;0.5149977;104.2;77.42151;63.91403
1359;23480.0;4.0;2014.0;15.0;104.257324;53.120487;78.9232;59.611286;58.013306;60.21126;87.84831;68.626305;93.277985;64.395256;68.6;68.405754;56.222275
1360;23510.0;5.0;2014.0;15.0;107.580536;152.57034;109.226456;144.30997;143.14204;163.39499;133.05232;166.04399;84.41456;67.24424;177.8;170.4498;151.604
1361;23541.0;6.0;2014.0;15.0;151.70053;158.61449;142.57544;164.58891;160.49043;178.63109;148.58328;172.92113;126.3521;118.34404;188.9;182.3003;162.66222
1362;23571.0;7.0;2014.0;15.0;127.450005;185.60378;140.13365;141.6993;154.47998;163.83296;212.16194;174.21664;163.59499;64.10674;203.2;180.3563;168.1029
1363;23602.0;8.0;2014.0;15.0;245.18005;165.19458;178.65666;64.002235;87.60821;80.54403;182.97993;110.89251;154.57487;189.8379;96.4;91.58525;113.49256
1364;23633.0;9.0;2014.0;15.0;289.06152;248.70432;258.26868;181.98512;201.26202;195.50298;296.68518;228.32126;272.2617;237.84325;214.3;211.66487;215.64984
1365;23663.0;10.0;2014.0;15.0;87.61394;165.85959;84.379845;131.01106;154.80455;122.179344;99.16658;140.23538;43.88151;26.048082;112.6;116.91462;160.31865
1366;23694.0;11.0;2014.0;15.0;4.785896;22.021713;15.528104;87.361565;70.662346;95.37712;10.169943;56.23256;2.6842039;0.18137483;135.8;93.48703;50.732243
1367;23724.0;12.0;2014.0;15.0;0.03449388;0.40458822;0.8865582;8.1558075;4.79067;9.656756;0.0;3.6847937;0.0;0.021545272;19.8;10.257206;2.712687
1368;23755.0;1.0;2015.0;15.0;0.76368016;1.0835801;0.5011584;1.4590791;1.4415636;0.8098003;0.4415434;0.51907074;0.06348164;0.0;1.0;0.42804477;1.1030037
1369;23786.0;2.0;2015.0;15.0;5.0324054;9.908879;9.118697;42.79137;32.177097;48.21876;8.97841;27.10365;3.653723;1.5221516;69.7;45.757072;22.80755
1370;23814.0;3.0;2015.0;15.0;47.220097;153.1502;68.54029;191.98134;188.65355;210.09767;74.72796;184.071;16.05791;3.450416;253.1;206.70258;185.5658
1371;23845.0;4.0;2015.0;15.0;23.338924;37.497265;23.47997;54.852413;37.879166;59.736637;27.469618;60.690662;10.979957;7.087389;82.7;65.50402;38.706665
1372;23875.0;5.0;2015.0;15.0;121.44153;134.40819;102.69402;67.4323;82.84508;76.102356;126.09238;100.09482;97.1762;70.1253;66.9;76.572586;105.38714
1373;23906.0;6.0;2015.0;15.0;91.706795;116.672134;96.48672;172.42368;149.93176;185.9249;104.86194;170.7614;79.42287;57.44463;213.8;198.77391;139.88524
1374;23936.0;7.0;2015.0;15.0;111.58622;64.41656;104.3187;25.666428;33.6045;25.962252;102.540764;38.86816;123.59873;149.1738;28.7;28.555954;39.704502
1375;23967.0;8.0;2015.0;15.0;212.72987;101.38624;214.08115;57.202873;72.32545;64.64537;216.30275;78.610634;318.787;283.021;81.7;73.88772;78.97296
1376;23998.0;9.0;2015.0;15.0;199.98497;168.61865;182.7848;116.96794;130.68333;130.76974;210.26247;153.3451;207.1492;171.20932;143.6;143.1579;143.32974
1377;24028.0;10.0;2015.0;15.0;126.25749;110.06408;112.1286;171.82083;163.12436;184.68092;101.64496;159.44278;86.37673;90.32662;219.3;193.41165;146.43349
1378;24059.0;11.0;2015.0;15.0;3.6467245;17.498827;7.6507373;31.93279;33.72459;30.557648;2.5860472;26.14586;0.011491256;0.11670202;31.7;28.05526;30.160046
1379;24089.0;12.0;2015.0;15.0;0.03449388;0.037360903;0.3483943;0.033838;0.0;0.14947262;0.0;0.35358062;1.3034575;0.34553495;0.5;0.60897106;0.0066236253
